0.000 7.7000
0.001 7.7000
0.002 7.7000
0.003 7.7000
0.004 7.7000
0.005 7.7000
0.006 7.7000
0.007 7.7000
0.008 7.7000
0.009 7.7000
0.010 7.7000
0.011 7.7000
0.012 7.7000
0.013 7.7000
0.014 7.7000
0.015 7.7000
0.016 7.7000
0.017 7.7000
0.018 7.7000
0.019 7.7000
0.020 7.7000
0.021 7.7000
0.022 7.7000
0.023 7.7000
0.024 7.7000
0.025 7.7000
0.026 7.7000
0.027 7.7000
0.028 7.7000
0.029 7.7000
0.030 7.7000
0.031 7.7000
0.032 7.7000
0.033 7.7000
0.034 7.7000
0.035 7.7000
0.036 7.7000
0.037 7.7000
0.038 7.7000
0.039 7.7000
0.040 7.7000
0.041 7.7000
0.042 7.7000
0.043 7.7000
0.044 7.7000
0.045 7.7000
0.046 7.7000
0.047 7.7000
0.048 7.7000
0.049 7.7000
0.050 7.7000
0.051 7.7000
0.052 7.7000
0.053 7.7000
0.054 7.7000
0.055 7.7000
0.056 7.7000
0.057 7.7000
0.058 7.7000
0.059 7.7000
0.060 7.7000
0.061 7.7000
0.062 7.7000
0.063 7.7000
0.064 7.7000
0.065 7.7000
0.066 7.7000
0.067 7.7000
0.068 7.7000
0.069 7.7000
0.070 7.7000
0.071 7.7000
0.072 7.7000
0.073 7.7000
0.074 7.7000
0.075 7.7000
0.076 7.7000
0.077 7.7000
0.078 7.7000
0.079 7.7000
0.080 7.7000
0.081 7.7000
0.082 7.7000
0.083 7.7000
0.084 7.7000
0.085 7.7000
0.086 7.7000
0.087 7.7000
0.088 7.7000
0.089 7.7000
0.090 7.7000
0.091 7.7000
0.092 7.7000
0.093 7.7000
0.094 7.7000
0.095 7.7000
0.096 7.7000
0.097 7.7000
0.098 7.7000
0.099 7.7000
0.100 7.7000
0.101 7.7000
0.102 7.7000
0.103 7.7000
0.104 7.7000
0.105 7.7000
0.106 7.7000
0.107 7.7000
0.108 7.7000
0.109 7.7000
0.110 7.7000
0.111 7.7000
0.112 7.7000
0.113 7.7000
0.114 7.7000
0.115 7.7000
0.116 7.7000
0.117 7.7000
0.118 7.7000
0.119 7.7000
0.120 7.7000
0.121 7.7000
0.122 7.7000
0.123 7.7000
0.124 7.7000
0.125 7.7000
0.126 7.7000
0.127 7.7000
0.128 7.7000
0.129 7.7000
0.130 7.7000
0.131 7.7000
0.132 7.7000
0.133 7.7000
0.134 7.7000
0.135 7.7000
0.136 7.7000
0.137 7.7000
0.138 7.7000
0.139 7.7000
0.140 7.7000
0.141 7.7000
0.142 7.7000
0.143 7.7000
0.144 7.7000
0.145 7.7000
0.146 7.7000
0.147 7.7000
0.148 7.7000
0.149 7.7000
0.150 7.7000
0.151 7.7000
0.152 7.7000
0.153 7.7000
0.154 7.7000
0.155 7.7000
0.156 7.7000
0.157 7.7000
0.158 7.7000
0.159 7.7000
0.160 7.7000
0.161 7.7000
0.162 7.7000
0.163 7.7000
0.164 7.7000
0.165 7.7000
0.166 7.7000
0.167 7.7000
0.168 7.7000
0.169 7.7000
0.170 7.7000
0.171 7.7000
0.172 7.7000
0.173 7.7000
0.174 7.7000
0.175 7.7000
0.176 7.7000
0.177 7.7000
0.178 7.7000
0.179 7.7000
0.180 7.7000
0.181 7.7000
0.182 7.7000
0.183 7.7000
0.184 7.7000
0.185 7.7000
0.186 7.7000
0.187 7.7000
0.188 7.7000
0.189 7.7000
0.190 7.7000
0.191 7.7000
0.192 7.7000
0.193 7.7000
0.194 7.7000
0.195 7.7000
0.196 7.7000
0.197 7.7000
0.198 7.7000
0.199 7.7000
0.200 7.7000
0.201 7.7000
0.202 7.7000
0.203 7.7000
0.204 7.7000
0.205 7.7000
0.206 7.7000
0.207 7.7000
0.208 7.7000
0.209 7.7000
0.210 7.7000
0.211 7.7000
0.212 7.7000
0.213 7.7000
0.214 7.7000
0.215 7.7000
0.216 7.7000
0.217 7.7000
0.218 7.7000
0.219 7.7000
0.220 7.7000
0.221 7.7000
0.222 7.7000
0.223 7.7000
0.224 7.7000
0.225 7.7000
0.226 7.7000
0.227 7.7000
0.228 7.7000
0.229 7.7000
0.230 7.7000
0.231 7.7000
0.232 7.7000
0.233 7.7000
0.234 7.7000
0.235 7.7000
0.236 7.7000
0.237 7.7000
0.238 7.7000
0.239 7.7000
0.240 7.7000
0.241 7.7000
0.242 7.7000
0.243 7.7000
0.244 7.7000
0.245 7.7000
0.246 7.7000
0.247 7.7000
0.248 7.7000
0.249 7.7000
0.250 7.7000
0.251 7.7000
0.252 7.7000
0.253 7.7000
0.254 7.7000
0.255 7.7000
0.256 7.7000
0.257 7.7000
0.258 7.7000
0.259 7.7000
0.260 7.7000
0.261 7.7000
0.262 7.7000
0.263 7.7000
0.264 7.7000
0.265 7.7000
0.266 7.7000
0.267 7.7000
0.268 7.7000
0.269 7.7000
0.270 7.7000
0.271 7.7000
0.272 7.7000
0.273 7.7000
0.274 7.7000
0.275 7.7000
0.276 7.7000
0.277 7.7000
0.278 7.7000
0.279 7.7000
0.280 7.7000
0.281 7.7000
0.282 7.7000
0.283 7.7000
0.284 7.7000
0.285 7.7000
0.286 7.7000
0.287 7.7000
0.288 7.7000
0.289 7.7000
0.290 7.7000
0.291 7.7000
0.292 7.7000
0.293 7.7000
0.294 7.7000
0.295 7.7000
0.296 7.7000
0.297 7.7000
0.298 7.7000
0.299 7.7000
0.300 7.7000
0.301 7.7000
0.302 7.7000
0.303 7.7000
0.304 7.7000
0.305 7.7000
0.306 7.7000
0.307 7.7000
0.308 7.7000
0.309 7.7000
0.310 7.7000
0.311 7.7000
0.312 7.7000
0.313 7.7000
0.314 7.7000
0.315 7.7000
0.316 7.7000
0.317 7.7000
0.318 7.7000
0.319 7.7000
0.320 7.7000
0.321 7.7000
0.322 7.7000
0.323 7.7000
0.324 7.7000
0.325 7.7000
0.326 7.7000
0.327 7.7000
0.328 7.7000
0.329 7.7000
0.330 7.7000
0.331 7.7000
0.332 7.7000
0.333 7.7000
0.334 7.7000
0.335 7.7000
0.336 7.7000
0.337 7.7000
0.338 7.7000
0.339 7.7000
0.340 7.7000
0.341 7.7000
0.342 7.7000
0.343 7.7000
0.344 7.7000
0.345 7.7000
0.346 7.7000
0.347 7.7000
0.348 7.7000
0.349 7.7000
0.350 7.7000
0.351 7.7000
0.352 7.7000
0.353 7.7000
0.354 7.7000
0.355 7.7000
0.356 7.7000
0.357 7.7000
0.358 7.7000
0.359 7.7000
0.360 7.7000
0.361 7.7000
0.362 7.7000
0.363 7.7000
0.364 7.7000
0.365 7.7000
0.366 7.7000
0.367 7.7000
0.368 7.7000
0.369 7.7000
0.370 7.7000
0.371 7.7000
0.372 7.7000
0.373 7.7000
0.374 7.7000
0.375 7.7000
0.376 7.7000
0.377 7.7000
0.378 7.7000
0.379 7.7000
0.380 7.7000
0.381 7.7000
0.382 7.7000
0.383 7.7000
0.384 7.7000
0.385 7.7000
0.386 7.7000
0.387 7.7000
0.388 7.7000
0.389 7.7000
0.390 7.7000
0.391 7.7000
0.392 7.7000
0.393 7.7000
0.394 7.7000
0.395 7.7000
0.396 7.7000
0.397 7.7000
0.398 7.7000
0.399 7.7000
0.400 7.7000
0.401 7.7000
0.402 7.7000
0.403 7.7000
0.404 7.7000
0.405 7.7000
0.406 7.7000
0.407 7.7000
0.408 7.7000
0.409 7.7000
0.410 7.7000
0.411 7.7000
0.412 7.7000
0.413 7.7000
0.414 7.7000
0.415 7.7000
0.416 7.7000
0.417 7.7000
0.418 7.7000
0.419 7.7000
0.420 7.7000
0.421 7.7000
0.422 7.7000
0.423 7.7000
0.424 7.7000
0.425 7.7000
0.426 7.7000
0.427 7.7000
0.428 7.7000
0.429 7.7000
0.430 7.7000
0.431 7.7000
0.432 7.7000
0.433 7.7000
0.434 7.7000
0.435 7.7000
0.436 7.7000
0.437 7.7000
0.438 7.7000
0.439 7.7000
0.440 7.7000
0.441 7.7000
0.442 7.7000
0.443 7.7000
0.444 7.7000
0.445 7.7000
0.446 7.7000
0.447 7.7000
0.448 7.7000
0.449 7.7000
0.450 7.7000
0.451 7.7000
0.452 7.7000
0.453 7.7000
0.454 7.7000
0.455 7.7000
0.456 7.7000
0.457 7.7000
0.458 7.7000
0.459 7.7000
0.460 7.7000
0.461 7.7000
0.462 7.7000
0.463 7.7000
0.464 7.7000
0.465 7.7000
0.466 7.7000
0.467 7.7000
0.468 7.7000
0.469 7.7000
0.470 7.7000
0.471 7.7000
0.472 7.7000
0.473 7.7000
0.474 7.7000
0.475 7.7000
0.476 7.7000
0.477 7.7000
0.478 7.7000
0.479 7.7000
0.480 7.7000
0.481 7.7000
0.482 7.7000
0.483 7.7000
0.484 7.7000
0.485 7.7000
0.486 7.7000
0.487 7.7000
0.488 7.7000
0.489 7.7000
0.490 7.7000
0.491 7.7000
0.492 7.7000
0.493 7.7000
0.494 7.7000
0.495 7.7000
0.496 7.7000
0.497 7.7000
0.498 7.7000
0.499 7.7000
0.500 7.7000
0.501 7.7000
0.502 7.7000
0.503 7.7000
0.504 7.7000
0.505 7.7000
0.506 7.7000
0.507 7.7000
0.508 7.7000
0.509 7.7000
0.510 7.7000
0.511 7.7000
0.512 7.7000
0.513 7.7000
0.514 7.7000
0.515 7.7000
0.516 7.7000
0.517 7.7000
0.518 7.7000
0.519 7.7000
0.520 7.7000
0.521 7.7000
0.522 7.7000
0.523 7.7000
0.524 7.7000
0.525 7.7000
0.526 7.7000
0.527 7.7000
0.528 7.7000
0.529 7.7000
0.530 7.7000
0.531 7.7000
0.532 7.7000
0.533 7.7000
0.534 7.7000
0.535 7.7000
0.536 7.7000
0.537 7.7000
0.538 7.7000
0.539 7.7000
0.540 7.7000
0.541 7.7000
0.542 7.7000
0.543 7.7000
0.544 7.7000
0.545 7.7000
0.546 7.7000
0.547 7.7000
0.548 7.7000
0.549 7.7000
0.550 7.7000
0.551 7.7000
0.552 7.7000
0.553 7.7000
0.554 7.7000
0.555 7.7000
0.556 7.7000
0.557 7.7000
0.558 7.7000
0.559 7.7000
0.560 7.7000
0.561 7.7000
0.562 7.7000
0.563 7.7000
0.564 7.7000
0.565 7.7000
0.566 7.7000
0.567 7.7000
0.568 7.7000
0.569 7.7000
0.570 7.7000
0.571 7.7000
0.572 7.7000
0.573 7.7000
0.574 7.7000
0.575 7.7000
0.576 7.7000
0.577 7.7000
0.578 7.7000
0.579 7.7000
0.580 7.7000
0.581 7.7000
0.582 7.7000
0.583 7.7000
0.584 7.7000
0.585 7.7000
0.586 7.7000
0.587 7.7000
0.588 7.7000
0.589 7.7000
0.590 7.7000
0.591 7.7000
0.592 7.7000
0.593 7.7000
0.594 7.7000
0.595 7.7000
0.596 7.7000
0.597 7.7000
0.598 7.7000
0.599 7.7000
0.600 7.7000
0.601 7.7000
0.602 7.7000
0.603 7.7000
0.604 7.7000
0.605 7.7000
0.606 7.7000
0.607 7.7000
0.608 7.7000
0.609 7.7000
0.610 7.7000
0.611 7.7000
0.612 7.7000
0.613 7.7000
0.614 7.7000
0.615 7.7000
0.616 7.7000
0.617 7.7000
0.618 7.7000
0.619 7.7000
0.620 7.7000
0.621 7.7000
0.622 7.7000
0.623 7.7000
0.624 7.7000
0.625 7.7000
0.626 7.7000
0.627 7.7000
0.628 7.7000
0.629 7.7000
0.630 7.7000
0.631 7.7000
0.632 7.7000
0.633 7.7000
0.634 7.7000
0.635 7.7000
0.636 7.7000
0.637 7.7000
0.638 7.7000
0.639 7.7000
0.640 7.7000
0.641 7.7000
0.642 7.7000
0.643 7.7000
0.644 7.7000
0.645 7.7000
0.646 7.7000
0.647 7.7000
0.648 7.7000
0.649 7.7000
0.650 7.7000
0.651 7.7000
0.652 7.7000
0.653 7.7000
0.654 7.7000
0.655 7.7000
0.656 7.7000
0.657 7.7000
0.658 7.7000
0.659 7.7000
0.660 7.7000
0.661 7.7000
0.662 7.7000
0.663 7.7000
0.664 7.7000
0.665 7.7000
0.666 7.7000
0.667 7.7000
0.668 7.7000
0.669 7.7000
0.670 7.7000
0.671 7.7000
0.672 7.7000
0.673 7.7000
0.674 7.7000
0.675 7.7000
0.676 7.7000
0.677 7.7000
0.678 7.7000
0.679 7.7000
0.680 7.7000
0.681 7.7000
0.682 7.7000
0.683 7.7000
0.684 7.7000
0.685 7.7000
0.686 7.7000
0.687 7.7000
0.688 7.7000
0.689 7.7000
0.690 7.7000
0.691 7.7000
0.692 7.7000
0.693 7.7000
0.694 7.7000
0.695 7.7000
0.696 7.7000
0.697 7.7000
0.698 7.7000
0.699 7.7000
0.700 7.7000
0.701 7.7000
0.702 7.7000
0.703 7.7000
0.704 7.7000
0.705 7.7000
0.706 7.7000
0.707 7.7000
0.708 7.7000
0.709 7.7000
0.710 7.7000
0.711 7.7000
0.712 7.7000
0.713 7.7000
0.714 7.7000
0.715 7.7000
0.716 7.7000
0.717 7.7000
0.718 7.7000
0.719 7.7000
0.720 7.7000
0.721 7.7000
0.722 7.7000
0.723 7.7000
0.724 7.7000
0.725 7.7000
0.726 7.7000
0.727 7.7000
0.728 7.7000
0.729 7.7000
0.730 7.7000
0.731 7.7000
0.732 7.7000
0.733 7.7000
0.734 7.7000
0.735 7.7000
0.736 7.7000
0.737 7.7000
0.738 7.7000
0.739 7.7000
0.740 7.7000
0.741 7.7000
0.742 7.7000
0.743 7.7000
0.744 7.7000
0.745 7.7000
0.746 7.7000
0.747 7.7000
0.748 7.7000
0.749 7.7000
0.750 7.7000
0.751 7.7000
0.752 7.7000
0.753 7.7000
0.754 7.7000
0.755 7.7000
0.756 7.7000
0.757 7.7000
0.758 7.7000
0.759 7.7000
0.760 7.7000
0.761 7.7000
0.762 7.7000
0.763 7.7000
0.764 7.7000
0.765 7.7000
0.766 7.7000
0.767 7.7000
0.768 7.7000
0.769 7.7000
0.770 7.7000
0.771 7.7000
0.772 7.7000
0.773 7.7000
0.774 7.7000
0.775 7.7000
0.776 7.7000
0.777 7.7000
0.778 7.7000
0.779 7.7000
0.780 7.7000
0.781 7.7000
0.782 7.7000
0.783 7.7000
0.784 7.7000
0.785 7.7000
0.786 7.7000
0.787 7.7000
0.788 7.7000
0.789 7.7000
0.790 7.7000
0.791 7.7000
0.792 7.7000
0.793 7.7000
0.794 7.7000
0.795 7.7000
0.796 7.7000
0.797 7.7000
0.798 7.7000
0.799 7.7000
0.800 7.7000
0.801 7.7000
0.802 7.7000
0.803 7.7000
0.804 7.7000
0.805 7.7000
0.806 7.7000
0.807 7.7000
0.808 7.7000
0.809 7.7000
0.810 7.7000
0.811 7.7000
0.812 7.7000
0.813 7.7000
0.814 7.7000
0.815 7.7000
0.816 7.7000
0.817 7.7000
0.818 7.7000
0.819 7.7000
0.820 7.7000
0.821 7.7000
0.822 7.7000
0.823 7.7000
0.824 7.7000
0.825 7.7000
0.826 7.7000
0.827 7.7000
0.828 7.7000
0.829 7.7000
0.830 7.7000
0.831 7.7000
0.832 7.7000
0.833 7.7000
0.834 7.7000
0.835 7.7000
0.836 7.7000
0.837 7.7000
0.838 7.7000
0.839 7.7000
0.840 7.7000
0.841 7.7000
0.842 7.7000
0.843 7.7000
0.844 7.7000
0.845 7.7000
0.846 7.7000
0.847 7.7000
0.848 7.7000
0.849 7.7000
0.850 7.7000
0.851 7.7000
0.852 7.7000
0.853 7.7000
0.854 7.7000
0.855 7.7000
0.856 7.7000
0.857 7.7000
0.858 7.7000
0.859 7.7000
0.860 7.7000
0.861 7.7000
0.862 7.7000
0.863 7.7000
0.864 7.7000
0.865 7.7000
0.866 7.7000
0.867 7.7000
0.868 7.7000
0.869 7.7000
0.870 7.7000
0.871 7.7000
0.872 7.7000
0.873 7.7000
0.874 7.7000
0.875 7.7000
0.876 7.7000
0.877 7.7000
0.878 7.7000
0.879 7.7000
0.880 7.7000
0.881 7.7000
0.882 7.7000
0.883 7.7000
0.884 7.7000
0.885 7.7000
0.886 7.7000
0.887 7.7000
0.888 7.7000
0.889 7.7000
0.890 7.7000
0.891 7.7000
0.892 7.7000
0.893 7.7000
0.894 7.7000
0.895 7.7000
0.896 7.7000
0.897 7.7000
0.898 7.7000
0.899 7.7000
0.900 7.7000
0.901 7.7000
0.902 7.7000
0.903 7.7000
0.904 7.7000
0.905 7.7000
0.906 7.7000
0.907 7.7000
0.908 7.7000
0.909 7.7000
0.910 7.7000
0.911 7.7000
0.912 7.7000
0.913 7.7000
0.914 7.7000
0.915 7.7000
0.916 7.7000
0.917 7.7000
0.918 7.7000
0.919 7.7000
0.920 7.7000
0.921 7.7000
0.922 7.7000
0.923 7.7000
0.924 7.7000
0.925 7.7000
0.926 7.7000
0.927 7.7000
0.928 7.7000
0.929 7.7000
0.930 7.7000
0.931 7.7000
0.932 7.7000
0.933 7.7000
0.934 7.7000
0.935 7.7000
0.936 7.7000
0.937 7.7000
0.938 7.7000
0.939 7.7000
0.940 7.7000
0.941 7.7000
0.942 7.7000
0.943 7.7000
0.944 7.7000
0.945 7.7000
0.946 7.7000
0.947 7.7000
0.948 7.7000
0.949 7.7000
0.950 7.7000
0.951 7.7000
0.952 7.7000
0.953 7.7000
0.954 7.7000
0.955 7.7000
0.956 7.7000
0.957 7.7000
0.958 7.7000
0.959 7.7000
0.960 7.7000
0.961 7.7000
0.962 7.7000
0.963 7.7000
0.964 7.7000
0.965 7.7000
0.966 7.7000
0.967 7.7000
0.968 7.7000
0.969 7.7000
0.970 7.7000
0.971 7.7000
0.972 7.7000
0.973 7.7000
0.974 7.7000
0.975 7.7000
0.976 7.7000
0.977 7.7000
0.978 7.7000
0.979 7.7000
0.980 7.7000
0.981 7.7000
0.982 7.7000
0.983 7.7000
0.984 7.7000
0.985 7.7000
0.986 7.7000
0.987 7.7000
0.988 7.7000
0.989 7.7000
0.990 7.7000
0.991 7.7000
0.992 7.7000
0.993 7.7000
0.994 7.7000
0.995 7.7000
0.996 7.7000
0.997 7.7000
0.998 7.7000
0.999 7.7000
1.000 7.7000
1.001 7.7000
1.002 7.7000
1.003 7.7000
1.004 7.7000
1.005 7.7000
1.006 7.7000
1.007 7.7000
1.008 7.7000
1.009 7.7000
1.010 7.7000
1.011 7.7000
1.012 7.7000
1.013 7.7000
1.014 7.7000
1.015 7.7000
1.016 7.7000
1.017 7.7000
1.018 7.7000
1.019 7.7000
1.020 7.7000
1.021 7.7000
1.022 7.7000
1.023 7.7000
1.024 7.7000
1.025 7.7000
1.026 7.7000
1.027 7.7000
1.028 7.7000
1.029 7.7000
1.030 7.7000
1.031 7.7000
1.032 7.7000
1.033 7.7000
1.034 7.7000
1.035 7.7000
1.036 7.7000
1.037 7.7000
1.038 7.7000
1.039 7.7000
1.040 7.7000
1.041 7.7000
1.042 7.7000
1.043 7.7000
1.044 7.7000
1.045 7.7000
1.046 7.7000
1.047 7.7000
1.048 7.7000
1.049 7.7000
1.050 7.7000
1.051 7.7000
1.052 7.7000
1.053 7.7000
1.054 7.7000
1.055 7.7000
1.056 7.7000
1.057 7.7000
1.058 7.7000
1.059 7.7000
1.060 7.7000
1.061 7.7000
1.062 7.7000
1.063 7.7000
1.064 7.7000
1.065 7.7000
1.066 7.7000
1.067 7.7000
1.068 7.7000
1.069 7.7000
1.070 7.7000
1.071 7.7000
1.072 7.7000
1.073 7.7000
1.074 7.7000
1.075 7.7000
1.076 7.7000
1.077 7.7000
1.078 7.7000
1.079 7.7000
1.080 7.7000
1.081 7.7000
1.082 7.7000
1.083 7.7000
1.084 7.7000
1.085 7.7000
1.086 7.7000
1.087 7.7000
1.088 7.7000
1.089 7.7000
1.090 7.7000
1.091 7.7000
1.092 7.7000
1.093 7.7000
1.094 7.7000
1.095 7.7000
1.096 7.7000
1.097 7.7000
1.098 7.7000
1.099 7.7000
1.100 7.7000
1.101 7.7000
1.102 7.7000
1.103 7.7000
1.104 7.7000
1.105 7.7000
1.106 7.7000
1.107 7.7000
1.108 7.7000
1.109 7.7000
1.110 7.7000
1.111 7.7000
1.112 7.7000
1.113 7.7000
1.114 7.7000
1.115 7.7000
1.116 7.7000
1.117 7.7000
1.118 7.7000
1.119 7.7000
1.120 7.7000
1.121 7.7000
1.122 7.7000
1.123 7.7000
1.124 7.7000
1.125 7.7000
1.126 7.7000
1.127 7.7000
1.128 7.7000
1.129 7.7000
1.130 7.7000
1.131 7.7000
1.132 7.7000
1.133 7.7000
1.134 7.7000
1.135 7.7000
1.136 7.7000
1.137 7.7000
1.138 7.7000
1.139 7.7000
1.140 7.7000
1.141 7.7000
1.142 7.7000
1.143 7.7000
1.144 7.7000
1.145 7.7000
1.146 7.7000
1.147 7.7000
1.148 7.7000
1.149 7.7000
1.150 7.7000
1.151 7.7000
1.152 7.7000
1.153 7.7000
1.154 7.7000
1.155 7.7000
1.156 7.7000
1.157 7.7000
1.158 7.7000
1.159 7.7000
1.160 7.7000
1.161 7.7000
1.162 7.7000
1.163 7.7000
1.164 7.7000
1.165 7.7000
1.166 7.7000
1.167 7.7000
1.168 7.7000
1.169 7.7000
1.170 7.7000
1.171 7.7000
1.172 7.7000
1.173 7.7000
1.174 7.7000
1.175 7.7000
1.176 7.7000
1.177 7.7000
1.178 7.7000
1.179 7.7000
1.180 7.7000
1.181 7.7000
1.182 7.7000
1.183 7.7000
1.184 7.7000
1.185 7.7000
1.186 7.7000
1.187 7.7000
1.188 7.7000
1.189 7.7000
1.190 7.7000
1.191 7.7000
1.192 7.7000
1.193 7.7000
1.194 7.7000
1.195 7.7000
1.196 7.7000
1.197 7.7000
1.198 7.7000
1.199 7.7000
1.200 7.7000
1.201 7.7000
1.202 7.7000
1.203 7.7000
1.204 7.7000
1.205 7.7000
1.206 7.7000
1.207 7.7000
1.208 7.7000
1.209 7.7000
1.210 7.7000
1.211 7.7000
1.212 7.7000
1.213 7.7000
1.214 7.7000
1.215 7.7000
1.216 7.7000
1.217 7.7000
1.218 7.7000
1.219 7.7000
1.220 7.7000
1.221 7.7000
1.222 7.7000
1.223 7.7000
1.224 7.7000
1.225 7.7000
1.226 7.7000
1.227 7.7000
1.228 7.7000
1.229 7.7000
1.230 7.7000
1.231 7.7000
1.232 7.7000
1.233 7.7000
1.234 7.7000
1.235 7.7000
1.236 7.7000
1.237 7.7000
1.238 7.7000
1.239 7.7000
1.240 7.7000
1.241 7.7000
1.242 7.7000
1.243 7.7000
1.244 7.7000
1.245 7.7000
1.246 7.7000
1.247 7.7000
1.248 7.7000
1.249 7.7000
1.250 7.7000
1.251 7.7000
1.252 7.7000
1.253 7.7000
1.254 7.7000
1.255 7.7000
1.256 7.7000
1.257 7.7000
1.258 7.7000
1.259 7.7000
1.260 7.7000
1.261 7.7000
1.262 7.7000
1.263 7.7000
1.264 7.7000
1.265 7.7000
1.266 7.7000
1.267 7.7000
1.268 7.7000
1.269 7.7000
1.270 7.7000
1.271 7.7000
1.272 7.7000
1.273 7.7000
1.274 7.7000
1.275 7.7000
1.276 7.7000
1.277 7.7000
1.278 7.7000
1.279 7.7000
1.280 7.7000
1.281 7.7000
1.282 7.7000
1.283 7.7000
1.284 7.7000
1.285 7.7000
1.286 7.7000
1.287 7.7000
1.288 7.7000
1.289 7.7000
1.290 7.7000
1.291 7.7000
1.292 7.7000
1.293 7.7000
1.294 7.7000
1.295 7.7000
1.296 7.7000
1.297 7.7000
1.298 7.7000
1.299 7.7000
1.300 7.7000
1.301 7.7000
1.302 7.7000
1.303 7.7000
1.304 7.7000
1.305 7.7000
1.306 7.7000
1.307 7.7000
1.308 7.7000
1.309 7.7000
1.310 7.7000
1.311 7.7000
1.312 7.7000
1.313 7.7000
1.314 7.7000
1.315 7.7000
1.316 7.7000
1.317 7.7000
1.318 7.7000
1.319 7.7000
1.320 7.7000
1.321 7.7000
1.322 7.7000
1.323 7.7000
1.324 7.7000
1.325 7.7000
1.326 7.7000
1.327 7.7000
1.328 7.7000
1.329 7.7000
1.330 7.7000
1.331 7.7000
1.332 7.7000
1.333 7.7000
1.334 7.7000
1.335 7.7000
1.336 7.7000
1.337 7.7000
1.338 7.7000
1.339 7.7000
1.340 7.7000
1.341 7.7000
1.342 7.7000
1.343 7.7000
1.344 7.7000
1.345 7.7000
1.346 7.7000
1.347 7.7000
1.348 7.7000
1.349 7.7000
1.350 7.7000
1.351 7.7000
1.352 7.7000
1.353 7.7000
1.354 7.7000
1.355 7.7000
1.356 7.7000
1.357 7.7000
1.358 7.7000
1.359 7.7000
1.360 7.7000
1.361 7.7000
1.362 7.7000
1.363 7.7000
1.364 7.7000
1.365 7.7000
1.366 7.7000
1.367 7.7000
1.368 7.7000
1.369 7.7000
1.370 7.7000
1.371 7.7000
1.372 7.7000
1.373 7.7000
1.374 7.7000
1.375 7.7000
1.376 7.7000
1.377 7.7000
1.378 7.7000
1.379 7.7000
1.380 7.7000
1.381 7.7000
1.382 7.7000
1.383 7.7000
1.384 7.7000
1.385 7.7000
1.386 7.7000
1.387 7.7000
1.388 7.7000
1.389 7.7000
1.390 7.7000
1.391 7.7000
1.392 7.7000
1.393 7.7000
1.394 7.7000
1.395 7.7000
1.396 7.7000
1.397 7.7000
1.398 7.7000
1.399 7.7000
1.400 7.7000
1.401 7.7000
1.402 7.7000
1.403 7.7000
1.404 7.7000
1.405 7.7000
1.406 7.7000
1.407 7.7000
1.408 7.7000
1.409 7.7000
1.410 7.7000
1.411 7.7000
1.412 7.7000
1.413 7.7000
1.414 7.7000
1.415 7.7000
1.416 7.7000
1.417 7.7000
1.418 7.7000
1.419 7.7000
1.420 7.7000
1.421 7.7000
1.422 7.7000
1.423 7.7000
1.424 7.7000
1.425 7.7000
1.426 7.7000
1.427 7.7000
1.428 7.7000
1.429 7.7000
1.430 7.7000
1.431 7.7000
1.432 7.7000
1.433 7.7000
1.434 7.7000
1.435 7.7000
1.436 7.7000
1.437 7.7000
1.438 7.7000
1.439 7.7000
1.440 7.7000
1.441 7.7000
1.442 7.7000
1.443 7.7000
1.444 7.7000
1.445 7.7000
1.446 7.7000
1.447 7.7000
1.448 7.7000
1.449 7.7000
1.450 7.7000
1.451 7.7000
1.452 7.7000
1.453 7.7000
1.454 7.7000
1.455 7.7000
1.456 7.7000
1.457 7.7000
1.458 7.7000
1.459 7.7000
1.460 7.7000
1.461 7.7000
1.462 7.7000
1.463 7.7000
1.464 7.7000
1.465 7.7000
1.466 7.7000
1.467 7.7000
1.468 7.7000
1.469 7.7000
1.470 7.7000
1.471 7.7000
1.472 7.7000
1.473 7.7000
1.474 7.7000
1.475 7.7000
1.476 7.7000
1.477 7.7000
1.478 7.7000
1.479 7.7000
1.480 7.7000
1.481 7.7000
1.482 7.7000
1.483 7.7000
1.484 7.7000
1.485 7.7000
1.486 7.7000
1.487 7.7000
1.488 7.7000
1.489 7.7000
1.490 7.7000
1.491 7.7000
1.492 7.7000
1.493 7.7000
1.494 7.7000
1.495 7.7000
1.496 7.7000
1.497 7.7000
1.498 7.7000
1.499 7.7000
1.500 7.7000
1.501 7.7000
1.502 7.7000
1.503 7.7000
1.504 7.7000
1.505 7.7000
1.506 7.7000
1.507 7.7000
1.508 7.7000
1.509 7.7000
1.510 7.7000
1.511 7.7000
1.512 7.7000
1.513 7.7000
1.514 7.7000
1.515 7.7000
1.516 7.7000
1.517 7.7000
1.518 7.7000
1.519 7.7000
1.520 7.7000
1.521 7.7000
1.522 7.7000
1.523 7.7000
1.524 7.7000
1.525 7.7000
1.526 7.7000
1.527 7.7000
1.528 7.7000
1.529 7.7000
1.530 7.7000
1.531 7.7000
1.532 7.7000
1.533 7.7000
1.534 7.7000
1.535 7.7000
1.536 7.7000
1.537 7.7000
1.538 7.7000
1.539 7.7000
1.540 7.7000
1.541 7.7000
1.542 7.7000
1.543 7.7000
1.544 7.7000
1.545 7.7000
1.546 7.7000
1.547 7.7000
1.548 7.7000
1.549 7.7000
1.550 7.7000
1.551 7.7000
1.552 7.7000
1.553 7.7000
1.554 7.7000
1.555 7.7000
1.556 7.7000
1.557 7.7000
1.558 7.7000
1.559 7.7000
1.560 7.7000
1.561 7.7000
1.562 7.7000
1.563 7.7000
1.564 7.7000
1.565 7.7000
1.566 7.7000
1.567 7.7000
1.568 7.7000
1.569 7.7000
1.570 7.7000
1.571 7.7000
1.572 7.7000
1.573 7.7000
1.574 7.7000
1.575 7.7000
1.576 7.7000
1.577 7.7000
1.578 7.7000
1.579 7.7000
1.580 7.7000
1.581 7.7000
1.582 7.7000
1.583 7.7000
1.584 7.7000
1.585 7.7000
1.586 7.7000
1.587 7.7000
1.588 7.7000
1.589 7.7000
1.590 7.7000
1.591 7.7000
1.592 7.7000
1.593 7.7000
1.594 7.7000
1.595 7.7000
1.596 7.7000
1.597 7.7000
1.598 7.7000
1.599 7.7000
1.600 7.7000
1.601 7.7000
1.602 7.7000
1.603 7.7000
1.604 7.7000
1.605 7.7000
1.606 7.7000
1.607 7.7000
1.608 7.7000
1.609 7.7000
1.610 7.7000
1.611 7.7000
1.612 7.7000
1.613 7.7000
1.614 7.7000
1.615 7.7000
1.616 7.7000
1.617 7.7000
1.618 7.7000
1.619 7.7000
1.620 7.7000
1.621 7.7000
1.622 7.7000
1.623 7.7000
1.624 7.7000
1.625 7.7000
1.626 7.7000
1.627 7.7000
1.628 7.7000
1.629 7.7000
1.630 7.7000
1.631 7.7000
1.632 7.7000
1.633 7.7000
1.634 7.7000
1.635 7.7000
1.636 7.7000
1.637 7.7000
1.638 7.7000
1.639 7.7000
1.640 7.7000
1.641 7.7000
1.642 7.7000
1.643 7.7000
1.644 7.7000
1.645 7.7000
1.646 7.7000
1.647 7.7000
1.648 7.7000
1.649 7.7000
1.650 7.7000
1.651 7.7000
1.652 7.7000
1.653 7.7000
1.654 7.7000
1.655 7.7000
1.656 7.7000
1.657 7.7000
1.658 7.7000
1.659 7.7000
1.660 7.7000
1.661 7.7000
1.662 7.7000
1.663 7.7000
1.664 7.7000
1.665 7.7000
1.666 7.7000
1.667 7.7000
1.668 7.7000
1.669 7.7000
1.670 7.7000
1.671 7.7000
1.672 7.7000
1.673 7.7000
1.674 7.7000
1.675 7.7000
1.676 7.7000
1.677 7.7000
1.678 7.7000
1.679 7.7000
1.680 7.7000
1.681 7.7000
1.682 7.7000
1.683 7.7000
1.684 7.7000
1.685 7.7000
1.686 7.7000
1.687 7.7000
1.688 7.7000
1.689 7.7000
1.690 7.7000
1.691 7.7000
1.692 7.7000
1.693 7.7000
1.694 7.7000
1.695 7.7000
1.696 7.7000
1.697 7.7000
1.698 7.7000
1.699 7.7000
1.700 7.7000
1.701 7.7000
1.702 7.7000
1.703 7.7000
1.704 7.7000
1.705 7.7000
1.706 7.7000
1.707 7.7000
1.708 7.7000
1.709 7.7000
1.710 7.7000
1.711 7.7000
1.712 7.7000
1.713 7.7000
1.714 7.7000
1.715 7.7000
1.716 7.7000
1.717 7.7000
1.718 7.7000
1.719 7.7000
1.720 7.7000
1.721 7.7000
1.722 7.7000
1.723 7.7000
1.724 7.7000
1.725 7.7000
1.726 7.7000
1.727 7.7000
1.728 7.7000
1.729 7.7000
1.730 7.7000
1.731 7.7000
1.732 7.7000
1.733 7.7000
1.734 7.7000
1.735 7.7000
1.736 7.7000
1.737 7.7000
1.738 7.7000
1.739 7.7000
1.740 7.7000
1.741 7.7000
1.742 7.7000
1.743 7.7000
1.744 7.7000
1.745 7.7000
1.746 7.7000
1.747 7.7000
1.748 7.7000
1.749 7.7000
1.750 7.7000
1.751 7.7000
1.752 7.7000
1.753 7.7000
1.754 7.7000
1.755 7.7000
1.756 7.7000
1.757 7.7000
1.758 7.7000
1.759 7.7000
1.760 7.7000
1.761 7.7000
1.762 7.7000
1.763 7.7000
1.764 7.7000
1.765 7.7000
1.766 7.7000
1.767 7.7000
1.768 7.7000
1.769 7.7000
1.770 7.7000
1.771 7.7000
1.772 7.7000
1.773 7.7000
1.774 7.7000
1.775 7.7000
1.776 7.7000
1.777 7.7000
1.778 7.7000
1.779 7.7000
1.780 7.7000
1.781 7.7000
1.782 7.7000
1.783 7.7000
1.784 7.7000
1.785 7.7000
1.786 7.7000
1.787 7.7000
1.788 7.7000
1.789 7.7000
1.790 7.7000
1.791 7.7000
1.792 7.7000
1.793 7.7000
1.794 7.7000
1.795 7.7000
1.796 7.7000
1.797 7.7000
1.798 7.7000
1.799 7.7000
1.800 7.7000
1.801 7.7000
1.802 7.7000
1.803 7.7000
1.804 7.7000
1.805 7.7000
1.806 7.7000
1.807 7.7000
1.808 7.7000
1.809 7.7000
1.810 7.7000
1.811 7.7000
1.812 7.7000
1.813 7.7000
1.814 7.7000
1.815 7.7000
1.816 7.7000
1.817 7.7000
1.818 7.7000
1.819 7.7000
1.820 7.7000
1.821 7.7000
1.822 7.7000
1.823 7.7000
1.824 7.7000
1.825 7.7000
1.826 7.7000
1.827 7.7000
1.828 7.7000
1.829 7.7000
1.830 7.7000
1.831 7.7000
1.832 7.7000
1.833 7.7000
1.834 7.7000
1.835 7.7000
1.836 7.7000
1.837 7.7000
1.838 7.7000
1.839 7.7000
1.840 7.7000
1.841 7.7000
1.842 7.7000
1.843 7.7000
1.844 7.7000
1.845 7.7000
1.846 7.7000
1.847 7.7000
1.848 7.7000
1.849 7.7000
1.850 7.7000
1.851 7.7000
1.852 7.7000
1.853 7.7000
1.854 7.7000
1.855 7.7000
1.856 7.7000
1.857 7.7000
1.858 7.7000
1.859 7.7000
1.860 7.7000
1.861 7.7000
1.862 7.7000
1.863 7.7000
1.864 7.7000
1.865 7.7000
1.866 7.7000
1.867 7.7000
1.868 7.7000
1.869 7.7000
1.870 7.7000
1.871 7.7000
1.872 7.7000
1.873 7.7000
1.874 7.7000
1.875 7.7000
1.876 7.7000
1.877 7.7000
1.878 7.7000
1.879 7.7000
1.880 7.7000
1.881 7.7000
1.882 7.7000
1.883 7.7000
1.884 7.7000
1.885 7.7000
1.886 7.7000
1.887 7.7000
1.888 7.7000
1.889 7.7000
1.890 7.7000
1.891 7.7000
1.892 7.7000
1.893 7.7000
1.894 7.7000
1.895 7.7000
1.896 7.7000
1.897 7.7000
1.898 7.7000
1.899 7.7000
1.900 7.7000
1.901 7.7000
1.902 7.7000
1.903 7.7000
1.904 7.7000
1.905 7.7000
1.906 7.7000
1.907 7.7000
1.908 7.7000
1.909 7.7000
1.910 7.7000
1.911 7.7000
1.912 7.7000
1.913 7.7000
1.914 7.7000
1.915 7.7000
1.916 7.7000
1.917 7.7000
1.918 7.7000
1.919 7.7000
1.920 7.7000
1.921 7.7000
1.922 7.7000
1.923 7.7000
1.924 7.7000
1.925 7.7000
1.926 7.7000
1.927 7.7000
1.928 7.7000
1.929 7.7000
1.930 7.7000
1.931 7.7000
1.932 7.7000
1.933 7.7000
1.934 7.7000
1.935 7.7000
1.936 7.7000
1.937 7.7000
1.938 7.7000
1.939 7.7000
1.940 7.7000
1.941 7.7000
1.942 7.7000
1.943 7.7000
1.944 7.7000
1.945 7.7000
1.946 7.7000
1.947 7.7000
1.948 7.7000
1.949 7.7000
1.950 7.7000
1.951 7.7000
1.952 7.7000
1.953 7.7000
1.954 7.7000
1.955 7.7000
1.956 7.7000
1.957 7.7000
1.958 7.7000
1.959 7.7000
1.960 7.7000
1.961 7.7000
1.962 7.7000
1.963 7.7000
1.964 7.7000
1.965 7.7000
1.966 7.7000
1.967 7.7000
1.968 7.7000
1.969 7.7000
1.970 7.7000
1.971 7.7000
1.972 7.7000
1.973 7.7000
1.974 7.7000
1.975 7.7000
1.976 7.7000
1.977 7.7000
1.978 7.7000
1.979 7.7000
1.980 7.7000
1.981 7.7000
1.982 7.7000
1.983 7.7000
1.984 7.7000
1.985 7.7000
1.986 7.7000
1.987 7.7000
1.988 7.7000
1.989 7.7000
1.990 7.7000
1.991 7.7000
1.992 7.7000
1.993 7.7000
1.994 7.7000
1.995 7.7000
1.996 7.7000
1.997 7.7000
1.998 7.7000
1.999 7.7000
2.000 7.7000
2.001 7.7000
2.002 7.7000
2.003 7.7000
2.004 7.7000
2.005 7.7000
2.006 7.7000
2.007 7.7000
2.008 7.7000
2.009 7.7000
2.010 7.7000
2.011 7.7000
2.012 7.7000
2.013 7.7000
2.014 7.7000
2.015 7.7000
2.016 7.7000
2.017 7.7000
2.018 7.7000
2.019 7.7000
2.020 7.7000
2.021 7.7000
2.022 7.7000
2.023 7.7000
2.024 7.7000
2.025 7.7000
2.026 7.7000
2.027 7.7000
2.028 7.7000
2.029 7.7000
2.030 7.7000
2.031 7.7000
2.032 7.7000
2.033 7.7000
2.034 7.7000
2.035 7.7000
2.036 7.7000
2.037 7.7000
2.038 7.7000
2.039 7.7000
2.040 7.7000
2.041 7.7000
2.042 7.7000
2.043 7.7000
2.044 7.7000
2.045 7.7000
2.046 7.7000
2.047 7.7000
2.048 7.7000
2.049 7.7000
2.050 7.7000
2.051 7.7000
2.052 7.7000
2.053 7.7000
2.054 7.7000
2.055 7.7000
2.056 7.7000
2.057 7.7000
2.058 7.7000
2.059 7.7000
2.060 7.7000
2.061 7.7000
2.062 7.7000
2.063 7.7000
2.064 7.7000
2.065 7.7000
2.066 7.7000
2.067 7.7000
2.068 7.7000
2.069 7.7000
2.070 7.7000
2.071 7.7000
2.072 7.7000
2.073 7.7000
2.074 7.7000
2.075 7.7000
2.076 7.7000
2.077 7.7000
2.078 7.7000
2.079 7.7000
2.080 7.7000
2.081 7.7000
2.082 7.7000
2.083 7.7000
2.084 7.7000
2.085 7.7000
2.086 7.7000
2.087 7.7000
2.088 7.7000
2.089 7.7000
2.090 7.7000
2.091 7.7000
2.092 7.7000
2.093 7.7000
2.094 7.7000
2.095 7.7000
2.096 7.7000
2.097 7.7000
2.098 7.7000
2.099 7.7000
2.100 7.7000
2.101 7.7000
2.102 7.7000
2.103 7.7000
2.104 7.7000
2.105 7.7000
2.106 7.7000
2.107 7.7000
2.108 7.7000
2.109 7.7000
2.110 7.7000
2.111 7.7000
2.112 7.7000
2.113 7.7000
2.114 7.7000
2.115 7.7000
2.116 7.7000
2.117 7.7000
2.118 7.7000
2.119 7.7000
2.120 7.7000
2.121 7.7000
2.122 7.7000
2.123 7.7000
2.124 7.7000
2.125 7.7000
2.126 7.7000
2.127 7.7000
2.128 7.7000
2.129 7.7000
2.130 7.7000
2.131 7.7000
2.132 7.7000
2.133 7.7000
2.134 7.7000
2.135 7.7000
2.136 7.7000
2.137 7.7000
2.138 7.7000
2.139 7.7000
2.140 7.7000
2.141 7.7000
2.142 7.7000
2.143 7.7000
2.144 7.7000
2.145 7.7000
2.146 7.7000
2.147 7.7000
2.148 7.7000
2.149 7.7000
2.150 7.7000
2.151 7.7000
2.152 7.7000
2.153 7.7000
2.154 7.7000
2.155 7.7000
2.156 7.7000
2.157 7.7000
2.158 7.7000
2.159 7.7000
2.160 7.7000
2.161 7.7000
2.162 7.7000
2.163 7.7000
2.164 7.7000
2.165 7.7000
2.166 7.7000
2.167 7.7000
2.168 7.7000
2.169 7.7000
2.170 7.7000
2.171 7.7000
2.172 7.7000
2.173 7.7000
2.174 7.7000
2.175 7.7000
2.176 7.7000
2.177 7.7000
2.178 7.7000
2.179 7.7000
2.180 7.7000
2.181 7.7000
2.182 7.7000
2.183 7.7000
2.184 7.7000
2.185 7.7000
2.186 7.7000
2.187 7.7000
2.188 7.7000
2.189 7.7000
2.190 7.7000
2.191 7.7000
2.192 7.7000
2.193 7.7000
2.194 7.7000
2.195 7.7000
2.196 7.7000
2.197 7.7000
2.198 7.7000
2.199 7.7000
2.200 7.7000
2.201 7.7000
2.202 7.7000
2.203 7.7000
2.204 7.7000
2.205 7.7000
2.206 7.7000
2.207 7.7000
2.208 7.7000
2.209 7.7000
2.210 7.7000
2.211 7.7000
2.212 7.7000
2.213 7.7000
2.214 7.7000
2.215 7.7000
2.216 7.7000
2.217 7.7000
2.218 7.7000
2.219 7.7000
2.220 7.7000
2.221 7.7000
2.222 7.7000
2.223 7.7000
2.224 7.7000
2.225 7.7000
2.226 7.7000
2.227 7.7000
2.228 7.7000
2.229 7.7000
2.230 7.7000
2.231 7.7000
2.232 7.7000
2.233 7.7000
2.234 7.7000
2.235 7.7000
2.236 7.7000
2.237 7.7000
2.238 7.7000
2.239 7.7000
2.240 7.7000
2.241 7.7000
2.242 7.7000
2.243 7.7000
2.244 7.7000
2.245 7.7000
2.246 7.7000
2.247 7.7000
2.248 7.7000
2.249 7.7000
2.250 7.7000
2.251 7.7000
2.252 7.7000
2.253 7.7000
2.254 7.7000
2.255 7.7000
2.256 7.7000
2.257 7.7000
2.258 7.7000
2.259 7.7000
2.260 7.7000
2.261 7.7000
2.262 7.7000
2.263 7.7000
2.264 7.7000
2.265 7.7000
2.266 7.7000
2.267 7.7000
2.268 7.7000
2.269 7.7000
2.270 7.7000
2.271 7.7000
2.272 7.7000
2.273 7.7000
2.274 7.7000
2.275 7.7000
2.276 7.7000
2.277 7.7000
2.278 7.7000
2.279 7.7000
2.280 7.7000
2.281 7.7000
2.282 7.7000
2.283 7.7000
2.284 7.7000
2.285 7.7000
2.286 7.7000
2.287 7.7000
2.288 7.7000
2.289 7.7000
2.290 7.7000
2.291 7.7000
2.292 7.7000
2.293 7.7000
2.294 7.7000
2.295 7.7000
2.296 7.7000
2.297 7.7000
2.298 7.7000
2.299 7.7000
2.300 7.7000
2.301 7.7000
2.302 7.7000
2.303 7.7000
2.304 7.7000
2.305 7.7000
2.306 7.7000
2.307 7.7000
2.308 7.7000
2.309 7.7000
2.310 7.7000
2.311 7.7000
2.312 7.7000
2.313 7.7000
2.314 7.7000
2.315 7.7000
2.316 7.7000
2.317 7.7000
2.318 7.7000
2.319 7.7000
2.320 7.7000
2.321 7.7000
2.322 7.7000
2.323 7.7000
2.324 7.7000
2.325 7.7000
2.326 7.7000
2.327 7.7000
2.328 7.7000
2.329 7.7000
2.330 7.7000
2.331 7.7000
2.332 7.7000
2.333 7.7000
2.334 7.7000
2.335 7.7000
2.336 7.7000
2.337 7.7000
2.338 7.7000
2.339 7.7000
2.340 7.7000
2.341 7.7000
2.342 7.7000
2.343 7.7000
2.344 7.7000
2.345 7.7000
2.346 7.7000
2.347 7.7000
2.348 7.7000
2.349 7.7000
2.350 7.7000
2.351 7.7000
2.352 7.7000
2.353 7.7000
2.354 7.7000
2.355 7.7000
2.356 7.7000
2.357 7.7000
2.358 7.7000
2.359 7.7000
2.360 7.7000
2.361 7.7000
2.362 7.7000
2.363 7.7000
2.364 7.7000
2.365 7.7000
2.366 7.7000
2.367 7.7000
2.368 7.7000
2.369 7.7000
2.370 7.7000
2.371 7.7000
2.372 7.7000
2.373 7.7000
2.374 7.7000
2.375 7.7000
2.376 7.7000
2.377 7.7000
2.378 7.7000
2.379 7.7000
2.380 7.7000
2.381 7.7000
2.382 7.7000
2.383 7.7000
2.384 7.7000
2.385 7.7000
2.386 7.7000
2.387 7.7000
2.388 7.7000
2.389 7.7000
2.390 7.7000
2.391 7.7000
2.392 7.7000
2.393 7.7000
2.394 7.7000
2.395 7.7000
2.396 7.7000
2.397 7.7000
2.398 7.7000
2.399 7.7000
2.400 7.7000
2.401 7.7000
2.402 7.7000
2.403 7.7000
2.404 7.7000
2.405 7.7000
2.406 7.7000
2.407 7.7000
2.408 7.7000
2.409 7.7000
2.410 7.7000
2.411 7.7000
2.412 7.7000
2.413 7.7000
2.414 7.7000
2.415 7.7000
2.416 7.7000
2.417 7.7000
2.418 7.7000
2.419 7.7000
2.420 7.7000
2.421 7.7000
2.422 7.7000
2.423 7.7000
2.424 7.7000
2.425 7.7000
2.426 7.7000
2.427 7.7000
2.428 7.7000
2.429 7.7000
2.430 7.7000
2.431 7.7000
2.432 7.7000
2.433 7.7000
2.434 7.7000
2.435 7.7000
2.436 7.7000
2.437 7.7000
2.438 7.7000
2.439 7.7000
2.440 7.7000
2.441 7.7000
2.442 7.7000
2.443 7.7000
2.444 7.7000
2.445 7.7000
2.446 7.7000
2.447 7.7000
2.448 7.7000
2.449 7.7000
2.450 7.7000
2.451 7.7000
2.452 7.7000
2.453 7.7000
2.454 7.7000
2.455 7.7000
2.456 7.7000
2.457 7.7000
2.458 7.7000
2.459 7.7000
2.460 7.7000
2.461 7.7000
2.462 7.7000
2.463 7.7000
2.464 7.7000
2.465 7.7000
2.466 7.7000
2.467 7.7000
2.468 7.7000
2.469 7.7000
2.470 7.7000
2.471 7.7000
2.472 7.7000
2.473 7.7000
2.474 7.7000
2.475 7.7000
2.476 7.7000
2.477 7.7000
2.478 7.7000
2.479 7.7000
2.480 7.7000
2.481 7.7000
2.482 7.7000
2.483 7.7000
2.484 7.7000
2.485 7.7000
2.486 7.7000
2.487 7.7000
2.488 7.7000
2.489 7.7000
2.490 7.7000
2.491 7.7000
2.492 7.7000
2.493 7.7000
2.494 7.7000
2.495 7.7000
2.496 7.7000
2.497 7.7000
2.498 7.7000
2.499 7.7000
2.500 7.7000
2.501 7.7000
2.502 7.7000
2.503 7.7000
2.504 7.7000
2.505 7.7000
2.506 7.7000
2.507 7.7000
2.508 7.7000
2.509 7.7000
2.510 7.7000
2.511 7.7000
2.512 7.7000
2.513 7.7000
2.514 7.7000
2.515 7.7000
2.516 7.7000
2.517 7.7000
2.518 7.7000
2.519 7.7000
2.520 7.7000
2.521 7.7000
2.522 7.7000
2.523 7.7000
2.524 7.7000
2.525 7.7000
2.526 7.7000
2.527 7.7000
2.528 7.7000
2.529 7.7000
2.530 7.7000
2.531 7.7000
2.532 7.7000
2.533 7.7000
2.534 7.7000
2.535 7.7000
2.536 7.7000
2.537 7.7000
2.538 7.7000
2.539 7.7000
2.540 7.7000
2.541 7.7000
2.542 7.7000
2.543 7.7000
2.544 7.7000
2.545 7.7000
2.546 7.7000
2.547 7.7000
2.548 7.7000
2.549 7.7000
2.550 7.7000
2.551 7.7000
2.552 7.7000
2.553 7.7000
2.554 7.7000
2.555 7.7000
2.556 7.7000
2.557 7.7000
2.558 7.7000
2.559 7.7000
2.560 7.7000
2.561 7.7000
2.562 7.7000
2.563 7.7000
2.564 7.7000
2.565 7.7000
2.566 7.7000
2.567 7.7000
2.568 7.7000
2.569 7.7000
2.570 7.7000
2.571 7.7000
2.572 7.7000
2.573 7.7000
2.574 7.7000
2.575 7.7000
2.576 7.7000
2.577 7.7000
2.578 7.7000
2.579 7.7000
2.580 7.7000
2.581 7.7000
2.582 7.7000
2.583 7.7000
2.584 7.7000
2.585 7.7000
2.586 7.7000
2.587 7.7000
2.588 7.7000
2.589 7.7000
2.590 7.7000
2.591 7.7000
2.592 7.7000
2.593 7.7000
2.594 7.7000
2.595 7.7000
2.596 7.7000
2.597 7.7000
2.598 7.7000
2.599 7.7000
2.600 7.7000
2.601 7.7000
2.602 7.7000
2.603 7.7000
2.604 7.7000
2.605 7.7000
2.606 7.7000
2.607 7.7000
2.608 7.7000
2.609 7.7000
2.610 7.7000
2.611 7.7000
2.612 7.7000
2.613 7.7000
2.614 7.7000
2.615 7.7000
2.616 7.7000
2.617 7.7000
2.618 7.7000
2.619 7.7000
2.620 7.7000
2.621 7.7000
2.622 7.7000
2.623 7.7000
2.624 7.7000
2.625 7.7000
2.626 7.7000
2.627 7.7000
2.628 7.7000
2.629 7.7000
2.630 7.7000
2.631 7.7000
2.632 7.7000
2.633 7.7000
2.634 7.7000
2.635 7.7000
2.636 7.7000
2.637 7.7000
2.638 7.7000
2.639 7.7000
2.640 7.7000
2.641 7.7000
2.642 7.7000
2.643 7.7000
2.644 7.7000
2.645 7.7000
2.646 7.7000
2.647 7.7000
2.648 7.7000
2.649 7.7000
2.650 7.7000
2.651 7.7000
2.652 7.7000
2.653 7.7000
2.654 7.7000
2.655 7.7000
2.656 7.7000
2.657 7.7000
2.658 7.7000
2.659 7.7000
2.660 7.7000
2.661 7.7000
2.662 7.7000
2.663 7.7000
2.664 7.7000
2.665 7.7000
2.666 7.7000
2.667 7.7000
2.668 7.7000
2.669 7.7000
2.670 7.7000
2.671 7.7000
2.672 7.7000
2.673 7.7000
2.674 7.7000
2.675 7.7000
2.676 7.7000
2.677 7.7000
2.678 7.7000
2.679 7.7000
2.680 7.7000
2.681 7.7000
2.682 7.7000
2.683 7.7000
2.684 7.7000
2.685 7.7000
2.686 7.7000
2.687 7.7000
2.688 7.7000
2.689 7.7000
2.690 7.7000
2.691 7.7000
2.692 7.7000
2.693 7.7000
2.694 7.7000
2.695 7.7000
2.696 7.7000
2.697 7.7000
2.698 7.7000
2.699 7.7000
2.700 7.7000
2.701 7.7000
2.702 7.7000
2.703 7.7000
2.704 7.7000
2.705 7.7000
2.706 7.7000
2.707 7.7000
2.708 7.7000
2.709 7.7000
2.710 7.7000
2.711 7.7000
2.712 7.7000
2.713 7.7000
2.714 7.7000
2.715 7.7000
2.716 7.7000
2.717 7.7000
2.718 7.7000
2.719 7.7000
2.720 7.7000
2.721 7.7000
2.722 7.7000
2.723 7.7000
2.724 7.7000
2.725 7.7000
2.726 7.7000
2.727 7.7000
2.728 7.7000
2.729 7.7000
2.730 7.7000
2.731 7.7000
2.732 7.7000
2.733 7.7000
2.734 7.7000
2.735 7.7000
2.736 7.7000
2.737 7.7000
2.738 7.7000
2.739 7.7000
2.740 7.7000
2.741 7.7000
2.742 7.7000
2.743 7.7000
2.744 7.7000
2.745 7.7000
2.746 7.7000
2.747 7.7000
2.748 7.7000
2.749 7.7000
2.750 7.7000
2.751 7.7000
2.752 7.7000
2.753 7.7000
2.754 7.7000
2.755 7.7000
2.756 7.7000
2.757 7.7000
2.758 7.7000
2.759 7.7000
2.760 7.7000
2.761 7.7000
2.762 7.7000
2.763 7.7000
2.764 7.7000
2.765 7.7000
2.766 7.7000
2.767 7.7000
2.768 7.7000
2.769 7.7000
2.770 7.7000
2.771 7.7000
2.772 7.7000
2.773 7.7000
2.774 7.7000
2.775 7.7000
2.776 7.7000
2.777 7.7000
2.778 7.7000
2.779 7.7000
2.780 7.7000
2.781 7.7000
2.782 7.7000
2.783 7.7000
2.784 7.7000
2.785 7.7000
2.786 7.7000
2.787 7.7000
2.788 7.7000
2.789 7.7000
2.790 7.7000
2.791 7.7000
2.792 7.7000
2.793 7.7000
2.794 7.7000
2.795 7.7000
2.796 7.7000
2.797 7.7000
2.798 7.7000
2.799 7.7000
2.800 7.7000
2.801 7.7000
2.802 7.7000
2.803 7.7000
2.804 7.7000
2.805 7.7000
2.806 7.7000
2.807 7.7000
2.808 7.7000
2.809 7.7000
2.810 7.7000
2.811 7.7000
2.812 7.7000
2.813 7.7000
2.814 7.7000
2.815 7.7000
2.816 7.7000
2.817 7.7000
2.818 7.7000
2.819 7.7000
2.820 7.7000
2.821 7.7000
2.822 7.7000
2.823 7.7000
2.824 7.7000
2.825 7.7000
2.826 7.7000
2.827 7.7000
2.828 7.7000
2.829 7.7000
2.830 7.7000
2.831 7.7000
2.832 7.7000
2.833 7.7000
2.834 7.7000
2.835 7.7000
2.836 7.7000
2.837 7.7000
2.838 7.7000
2.839 7.7000
2.840 7.7000
2.841 7.7000
2.842 7.7000
2.843 7.7000
2.844 7.7000
2.845 7.7000
2.846 7.7000
2.847 7.7000
2.848 7.7000
2.849 7.7000
2.850 7.7000
2.851 7.7000
2.852 7.7000
2.853 7.7000
2.854 7.7000
2.855 7.7000
2.856 7.7000
2.857 7.7000
2.858 7.7000
2.859 7.7000
2.860 7.7000
2.861 7.7000
2.862 7.7000
2.863 7.7000
2.864 7.7000
2.865 7.7000
2.866 7.7000
2.867 7.7000
2.868 7.7000
2.869 7.7000
2.870 7.7000
2.871 7.7000
2.872 7.7000
2.873 7.7000
2.874 7.7000
2.875 7.7000
2.876 7.7000
2.877 7.7000
2.878 7.7000
2.879 7.7000
2.880 7.7000
2.881 7.7000
2.882 7.7000
2.883 7.7000
2.884 7.7000
2.885 7.7000
2.886 7.7000
2.887 7.7000
2.888 7.7000
2.889 7.7000
2.890 7.7000
2.891 7.7000
2.892 7.7000
2.893 7.7000
2.894 7.7000
2.895 7.7000
2.896 7.7000
2.897 7.7000
2.898 7.7000
2.899 7.7000
2.900 7.7000
2.901 7.7000
2.902 7.7000
2.903 7.7000
2.904 7.7000
2.905 7.7000
2.906 7.7000
2.907 7.7000
2.908 7.7000
2.909 7.7000
2.910 7.7000
2.911 7.7000
2.912 7.7000
2.913 7.7000
2.914 7.7000
2.915 7.7000
2.916 7.7000
2.917 7.7000
2.918 7.7000
2.919 7.7000
2.920 7.7000
2.921 7.7000
2.922 7.7000
2.923 7.7000
2.924 7.7000
2.925 7.7000
2.926 7.7000
2.927 7.7000
2.928 7.7000
2.929 7.7000
2.930 7.7000
2.931 7.7000
2.932 7.7000
2.933 7.7000
2.934 7.7000
2.935 7.7000
2.936 7.7000
2.937 7.7000
2.938 7.7000
2.939 7.7000
2.940 7.7000
2.941 7.7000
2.942 7.7000
2.943 7.7000
2.944 7.7000
2.945 7.7000
2.946 7.7000
2.947 7.7000
2.948 7.7000
2.949 7.7000
2.950 7.7000
2.951 7.7000
2.952 7.7000
2.953 7.7000
2.954 7.7000
2.955 7.7000
2.956 7.7000
2.957 7.7000
2.958 7.7000
2.959 7.7000
2.960 7.7000
2.961 7.7000
2.962 7.7000
2.963 7.7000
2.964 7.7000
2.965 7.7000
2.966 7.7000
2.967 7.7000
2.968 7.7000
2.969 7.7000
2.970 7.7000
2.971 7.7000
2.972 7.7000
2.973 7.7000
2.974 7.7000
2.975 7.7000
2.976 7.7000
2.977 7.7000
2.978 7.7000
2.979 7.7000
2.980 7.7000
2.981 7.7000
2.982 7.7000
2.983 7.7000
2.984 7.7000
2.985 7.7000
2.986 7.7000
2.987 7.7000
2.988 7.7000
2.989 7.7000
2.990 7.7000
2.991 7.7000
2.992 7.7000
2.993 7.7000
2.994 7.7000
2.995 7.7000
2.996 7.7000
2.997 7.7000
2.998 7.7000
2.999 7.7000
3.000 7.7000
3.001 7.7000
3.002 7.7000
3.003 7.7000
3.004 7.7000
3.005 7.7000
3.006 7.7000
3.007 7.7000
3.008 7.7000
3.009 7.7000
3.010 7.7000
3.011 7.7000
3.012 7.7000
3.013 7.7000
3.014 7.7000
3.015 7.7000
3.016 7.7000
3.017 7.7000
3.018 7.7000
3.019 7.7000
3.020 7.7000
3.021 7.7000
3.022 7.7000
3.023 7.7000
3.024 7.7000
3.025 7.7000
3.026 7.7000
3.027 7.7000
3.028 7.7000
3.029 7.7000
3.030 7.7000
3.031 7.7000
3.032 7.7000
3.033 7.7000
3.034 7.7000
3.035 7.7000
3.036 7.7000
3.037 7.7000
3.038 7.7000
3.039 7.7000
3.040 7.7000
3.041 7.7000
3.042 7.7000
3.043 7.7000
3.044 7.7000
3.045 7.7000
3.046 7.7000
3.047 7.7000
3.048 7.7000
3.049 7.7000
3.050 7.7000
3.051 7.7000
3.052 7.7000
3.053 7.7000
3.054 7.7000
3.055 7.7000
3.056 7.7000
3.057 7.7000
3.058 7.7000
3.059 7.7000
3.060 7.7000
3.061 7.7000
3.062 7.7000
3.063 7.7000
3.064 7.7000
3.065 7.7000
3.066 7.7000
3.067 7.7000
3.068 7.7000
3.069 7.7000
3.070 7.7000
3.071 7.7000
3.072 7.7000
3.073 7.7000
3.074 7.7000
3.075 7.7000
3.076 7.7000
3.077 7.7000
3.078 7.7000
3.079 7.7000
3.080 7.7000
3.081 7.7000
3.082 7.7000
3.083 7.7000
3.084 7.7000
3.085 7.7000
3.086 7.7000
3.087 7.7000
3.088 7.7000
3.089 7.7000
3.090 7.7000
3.091 7.7000
3.092 7.7000
3.093 7.7000
3.094 7.7000
3.095 7.7000
3.096 7.7000
3.097 7.7000
3.098 7.7000
3.099 7.7000
3.100 7.7000
3.101 7.7000
3.102 7.7000
3.103 7.7000
3.104 7.7000
3.105 7.7000
3.106 7.7000
3.107 7.7000
3.108 7.7000
3.109 7.7000
3.110 7.7000
3.111 7.7000
3.112 7.7000
3.113 7.7000
3.114 7.7000
3.115 7.7000
3.116 7.7000
3.117 7.7000
3.118 7.7000
3.119 7.7000
3.120 7.7000
3.121 7.7000
3.122 7.7000
3.123 7.7000
3.124 7.7000
3.125 7.7000
3.126 7.7000
3.127 7.7000
3.128 7.7000
3.129 7.7000
3.130 7.7000
3.131 7.7000
3.132 7.7000
3.133 7.7000
3.134 7.7000
3.135 7.7000
3.136 7.7000
3.137 7.7000
3.138 7.7000
3.139 7.7000
3.140 7.7000
3.141 7.7000
3.142 7.7000
3.143 7.7000
3.144 7.7000
3.145 7.7000
3.146 7.7000
3.147 7.7000
3.148 7.7000
3.149 7.7000
3.150 7.7000
3.151 7.7000
3.152 7.7000
3.153 7.7000
3.154 7.7000
3.155 7.7000
3.156 7.7000
3.157 7.7000
3.158 7.7000
3.159 7.7000
3.160 7.7000
3.161 7.7000
3.162 7.7000
3.163 7.7000
3.164 7.7000
3.165 7.7000
3.166 7.7000
3.167 7.7000
3.168 7.7000
3.169 7.7000
3.170 7.7000
3.171 7.7000
3.172 7.7000
3.173 7.7000
3.174 7.7000
3.175 7.7000
3.176 7.7000
3.177 7.7000
3.178 7.7000
3.179 7.7000
3.180 7.7000
3.181 7.7000
3.182 7.7000
3.183 7.7000
3.184 7.7000
3.185 7.7000
3.186 7.7000
3.187 7.7000
3.188 7.7000
3.189 7.7000
3.190 7.7000
3.191 7.7000
3.192 7.7000
3.193 7.7000
3.194 7.7000
3.195 7.7000
3.196 7.7000
3.197 7.7000
3.198 7.7000
3.199 7.7000
3.200 7.7000
3.201 7.7000
3.202 7.7000
3.203 7.7000
3.204 7.7000
3.205 7.7000
3.206 7.7000
3.207 7.7000
3.208 7.7000
3.209 7.7000
3.210 7.7000
3.211 7.7000
3.212 7.7000
3.213 7.7000
3.214 7.7000
3.215 7.7000
3.216 7.7000
3.217 7.7000
3.218 7.7000
3.219 7.7000
3.220 7.7000
3.221 7.7000
3.222 7.7000
3.223 7.7000
3.224 7.7000
3.225 7.7000
3.226 7.7000
3.227 7.7000
3.228 7.7000
3.229 7.7000
3.230 7.7000
3.231 7.7000
3.232 7.7000
3.233 7.7000
3.234 7.7000
3.235 7.7000
3.236 7.7000
3.237 7.7000
3.238 7.7000
3.239 7.7000
3.240 7.7000
3.241 7.7000
3.242 7.7000
3.243 7.7000
3.244 7.7000
3.245 7.7000
3.246 7.7000
3.247 7.7000
3.248 7.7000
3.249 7.7000
3.250 7.7000
3.251 7.7000
3.252 7.7000
3.253 7.7000
3.254 7.7000
3.255 7.7000
3.256 7.7000
3.257 7.7000
3.258 7.7000
3.259 7.7000
3.260 7.7000
3.261 7.7000
3.262 7.7000
3.263 7.7000
3.264 7.7000
3.265 7.7000
3.266 7.7000
3.267 7.7000
3.268 7.7000
3.269 7.7000
3.270 7.7000
3.271 7.7000
3.272 7.7000
3.273 7.7000
3.274 7.7000
3.275 7.7000
3.276 7.7000
3.277 7.7000
3.278 7.7000
3.279 7.7000
3.280 7.7000
3.281 7.7000
3.282 7.7000
3.283 7.7000
3.284 7.7000
3.285 7.7000
3.286 7.7000
3.287 7.7000
3.288 7.7000
3.289 7.7000
3.290 7.7000
3.291 7.7000
3.292 7.7000
3.293 7.7000
3.294 7.7000
3.295 7.7000
3.296 7.7000
3.297 7.7000
3.298 7.7000
3.299 7.7000
3.300 7.7000
3.301 7.7000
3.302 7.7000
3.303 7.7000
3.304 7.7000
3.305 7.7000
3.306 7.7000
3.307 7.7000
3.308 7.7000
3.309 7.7000
3.310 7.7000
3.311 7.7000
3.312 7.7000
3.313 7.7000
3.314 7.7000
3.315 7.7000
3.316 7.7000
3.317 7.7000
3.318 7.7000
3.319 7.7000
3.320 7.7000
3.321 7.7000
3.322 7.7000
3.323 7.7000
3.324 7.7000
3.325 7.7000
3.326 7.7000
3.327 7.7000
3.328 7.7000
3.329 7.7000
3.330 7.7000
3.331 7.7000
3.332 7.7000
3.333 7.7000
3.334 7.7000
3.335 7.7000
3.336 7.7000
3.337 7.7000
3.338 7.7000
3.339 7.7000
3.340 7.7000
3.341 7.7000
3.342 7.7000
3.343 7.7000
3.344 7.7000
3.345 7.7000
3.346 7.7000
3.347 7.7000
3.348 7.7000
3.349 7.7000
3.350 7.7000
3.351 7.7000
3.352 7.7000
3.353 7.7000
3.354 7.7000
3.355 7.7000
3.356 7.7000
3.357 7.7000
3.358 7.7000
3.359 7.7000
3.360 7.7000
3.361 7.7000
3.362 7.7000
3.363 7.7000
3.364 7.7000
3.365 7.7000
3.366 7.7000
3.367 7.7000
3.368 7.7000
3.369 7.7000
3.370 7.7000
3.371 7.7000
3.372 7.7000
3.373 7.7000
3.374 7.7000
3.375 7.7000
3.376 7.7000
3.377 7.7000
3.378 7.7000
3.379 7.7000
3.380 7.7000
3.381 7.7000
3.382 7.7000
3.383 7.7000
3.384 7.7000
3.385 7.7000
3.386 7.7000
3.387 7.7000
3.388 7.7000
3.389 7.7000
3.390 7.7000
3.391 7.7000
3.392 7.7000
3.393 7.7000
3.394 7.7000
3.395 7.7000
3.396 7.7000
3.397 7.7000
3.398 7.7000
3.399 7.7000
3.400 7.7000
3.401 7.7000
3.402 7.7000
3.403 7.7000
3.404 7.7000
3.405 7.7000
3.406 7.7000
3.407 7.7000
3.408 7.7000
3.409 7.7000
3.410 7.7000
3.411 7.7000
3.412 7.7000
3.413 7.7000
3.414 7.7000
3.415 7.7000
3.416 7.7000
3.417 7.7000
3.418 7.7000
3.419 7.7000
3.420 7.7000
3.421 7.7000
3.422 7.7000
3.423 7.7000
3.424 7.7000
3.425 7.7000
3.426 7.7000
3.427 7.7000
3.428 7.7000
3.429 7.7000
3.430 7.7000
3.431 7.7000
3.432 7.7000
3.433 7.7000
3.434 7.7000
3.435 7.7000
3.436 7.7000
3.437 7.7000
3.438 7.7000
3.439 7.7000
3.440 7.7000
3.441 7.7000
3.442 7.7000
3.443 7.7000
3.444 7.7000
3.445 7.7000
3.446 7.7000
3.447 7.7000
3.448 7.7000
3.449 7.7000
3.450 7.7000
3.451 7.7000
3.452 7.7000
3.453 7.7000
3.454 7.7000
3.455 7.7000
3.456 7.7000
3.457 7.7000
3.458 7.7000
3.459 7.7000
3.460 7.7000
3.461 7.7000
3.462 7.7000
3.463 7.7000
3.464 7.7000
3.465 7.7000
3.466 7.7000
3.467 7.7000
3.468 7.7000
3.469 7.7000
3.470 7.7000
3.471 7.7000
3.472 7.7000
3.473 7.7000
3.474 7.7000
3.475 7.7000
3.476 7.7000
3.477 7.7000
3.478 7.7000
3.479 7.7000
3.480 7.7000
3.481 7.7000
3.482 7.7000
3.483 7.7000
3.484 7.7000
3.485 7.7000
3.486 7.7000
3.487 7.7000
3.488 7.7000
3.489 7.7000
3.490 7.7000
3.491 7.7000
3.492 7.7000
3.493 7.7000
3.494 7.7000
3.495 7.7000
3.496 7.7000
3.497 7.7000
3.498 7.7000
3.499 7.7000
3.500 7.7000
3.501 7.7000
3.502 7.7000
3.503 7.7000
3.504 7.7000
3.505 7.7000
3.506 7.7000
3.507 7.7000
3.508 7.7000
3.509 7.7000
3.510 7.7000
3.511 7.7000
3.512 7.7000
3.513 7.7000
3.514 7.7000
3.515 7.7000
3.516 7.7000
3.517 7.7000
3.518 7.7000
3.519 7.7000
3.520 7.7000
3.521 7.7000
3.522 7.7000
3.523 7.7000
3.524 7.7000
3.525 7.7000
3.526 7.7000
3.527 7.7000
3.528 7.7000
3.529 7.7000
3.530 7.7000
3.531 7.7000
3.532 7.7000
3.533 7.7000
3.534 7.7000
3.535 7.7000
3.536 7.7000
3.537 7.7000
3.538 7.7000
3.539 7.7000
3.540 7.7000
3.541 7.7000
3.542 7.7000
3.543 7.7000
3.544 7.7000
3.545 7.7000
3.546 7.7000
3.547 7.7000
3.548 7.7000
3.549 7.7000
3.550 7.7000
3.551 7.7000
3.552 7.7000
3.553 7.7000
3.554 7.7000
3.555 7.7000
3.556 7.7000
3.557 7.7000
3.558 7.7000
3.559 7.7000
3.560 7.7000
3.561 7.7000
3.562 7.7000
3.563 7.7000
3.564 7.7000
3.565 7.7000
3.566 7.7000
3.567 7.7000
3.568 7.7000
3.569 7.7000
3.570 7.7000
3.571 7.7000
3.572 7.7000
3.573 7.7000
3.574 7.7000
3.575 7.7000
3.576 7.7000
3.577 7.7000
3.578 7.7000
3.579 7.7000
3.580 7.7000
3.581 7.7000
3.582 7.7000
3.583 7.7000
3.584 7.7000
3.585 7.7000
3.586 7.7000
3.587 7.7000
3.588 7.7000
3.589 7.7000
3.590 7.7000
3.591 7.7000
3.592 7.7000
3.593 7.7000
3.594 7.7000
3.595 7.7000
3.596 7.7000
3.597 7.7000
3.598 7.7000
3.599 7.7000
3.600 7.7000
3.601 7.7000
3.602 7.7000
3.603 7.7000
3.604 7.7000
3.605 7.7000
3.606 7.7000
3.607 7.7000
3.608 7.7000
3.609 7.7000
3.610 7.7000
3.611 7.7000
3.612 7.7000
3.613 7.7000
3.614 7.7000
3.615 7.7000
3.616 7.7000
3.617 7.7000
3.618 7.7000
3.619 7.7000
3.620 7.7000
3.621 7.7000
3.622 7.7000
3.623 7.7000
3.624 7.7000
3.625 7.7000
3.626 7.7000
3.627 7.7000
3.628 7.7000
3.629 7.7000
3.630 7.7000
3.631 7.7000
3.632 7.7000
3.633 7.7000
3.634 7.7000
3.635 7.7000
3.636 7.7000
3.637 7.7000
3.638 7.7000
3.639 7.7000
3.640 7.7000
3.641 7.7000
3.642 7.7000
3.643 7.7000
3.644 7.7000
3.645 7.7000
3.646 7.7000
3.647 7.7000
3.648 7.7000
3.649 7.7000
3.650 7.7000
3.651 7.7000
3.652 7.7000
3.653 7.7000
3.654 7.7000
3.655 7.7000
3.656 7.7000
3.657 7.7000
3.658 7.7000
3.659 7.7000
3.660 7.7000
3.661 7.7000
3.662 7.7000
3.663 7.7000
3.664 7.7000
3.665 7.7000
3.666 7.7000
3.667 7.7000
3.668 7.7000
3.669 7.7000
3.670 7.7000
3.671 7.7000
3.672 7.7000
3.673 7.7000
3.674 7.7000
3.675 7.7000
3.676 7.7000
3.677 7.7000
3.678 7.7000
3.679 7.7000
3.680 7.7000
3.681 7.7000
3.682 7.7000
3.683 7.7000
3.684 7.7000
3.685 7.7000
3.686 7.7000
3.687 7.7000
3.688 7.7000
3.689 7.7000
3.690 7.7000
3.691 7.7000
3.692 7.7000
3.693 7.7000
3.694 7.7000
3.695 7.7000
3.696 7.7000
3.697 7.7000
3.698 7.7000
3.699 7.7000
3.700 7.7000
3.701 7.7000
3.702 7.7000
3.703 7.7000
3.704 7.7000
3.705 7.7000
3.706 7.7000
3.707 7.7000
3.708 7.7000
3.709 7.7000
3.710 7.7000
3.711 7.7000
3.712 7.7000
3.713 7.7000
3.714 7.7000
3.715 7.7000
3.716 7.7000
3.717 7.7000
3.718 7.7000
3.719 7.7000
3.720 7.7000
3.721 7.7000
3.722 7.7000
3.723 7.7000
3.724 7.7000
3.725 7.7000
3.726 7.7000
3.727 7.7000
3.728 7.7000
3.729 7.7000
3.730 7.7000
3.731 7.7000
3.732 7.7000
3.733 7.7000
3.734 7.7000
3.735 7.7000
3.736 7.7000
3.737 7.7000
3.738 7.7000
3.739 7.7000
3.740 7.7000
3.741 7.7000
3.742 7.7000
3.743 7.7000
3.744 7.7000
3.745 7.7000
3.746 7.7000
3.747 7.7000
3.748 7.7000
3.749 7.7000
3.750 7.7000
3.751 7.7000
3.752 7.7000
3.753 7.7000
3.754 7.7000
3.755 7.7000
3.756 7.7000
3.757 7.7000
3.758 7.7000
3.759 7.7000
3.760 7.7000
3.761 7.7000
3.762 7.7000
3.763 7.7000
3.764 7.7000
3.765 7.7000
3.766 7.7000
3.767 7.7000
3.768 7.7000
3.769 7.7000
3.770 7.7000
3.771 7.7000
3.772 7.7000
3.773 7.7000
3.774 7.7000
3.775 7.7000
3.776 7.7000
3.777 7.7000
3.778 7.7000
3.779 7.7000
3.780 7.7000
3.781 7.7000
3.782 7.7000
3.783 7.7000
3.784 7.7000
3.785 7.7000
3.786 7.7000
3.787 7.7000
3.788 7.7000
3.789 7.7000
3.790 7.7000
3.791 7.7000
3.792 7.7000
3.793 7.7000
3.794 7.7000
3.795 7.7000
3.796 7.7000
3.797 7.7000
3.798 7.7000
3.799 7.7000
3.800 7.7000
3.801 7.7000
3.802 7.7000
3.803 7.7000
3.804 7.7000
3.805 7.7000
3.806 7.7000
3.807 7.7000
3.808 7.7000
3.809 7.7000
3.810 7.7000
3.811 7.7000
3.812 7.7000
3.813 7.7000
3.814 7.7000
3.815 7.7000
3.816 7.7000
3.817 7.7000
3.818 7.7000
3.819 7.7000
3.820 7.7000
3.821 7.7000
3.822 7.7000
3.823 7.7000
3.824 7.7000
3.825 7.7000
3.826 7.7000
3.827 7.7000
3.828 7.7000
3.829 7.7000
3.830 7.7000
3.831 7.7000
3.832 7.7000
3.833 7.7000
3.834 7.7000
3.835 7.7000
3.836 7.7000
3.837 7.7000
3.838 7.7000
3.839 7.7000
3.840 7.7000
3.841 7.7000
3.842 7.7000
3.843 7.7000
3.844 7.7000
3.845 7.7000
3.846 7.7000
3.847 7.7000
3.848 7.7000
3.849 7.7000
3.850 7.7000
3.851 7.7000
3.852 7.7000
3.853 7.7000
3.854 7.7000
3.855 7.7000
3.856 7.7000
3.857 7.7000
3.858 7.7000
3.859 7.7000
3.860 7.7000
3.861 7.7000
3.862 7.7000
3.863 7.7000
3.864 7.7000
3.865 7.7000
3.866 7.7000
3.867 7.7000
3.868 7.7000
3.869 7.7000
3.870 7.7000
3.871 7.7000
3.872 7.7000
3.873 7.7000
3.874 7.7000
3.875 7.7000
3.876 7.7000
3.877 7.7000
3.878 7.7000
3.879 7.7000
3.880 7.7000
3.881 7.7000
3.882 7.7000
3.883 7.7000
3.884 7.7000
3.885 7.7000
3.886 7.7000
3.887 7.7000
3.888 7.7000
3.889 7.7000
3.890 7.7000
3.891 7.7000
3.892 7.7000
3.893 7.7000
3.894 7.7000
3.895 7.7000
3.896 7.7000
3.897 7.7000
3.898 7.7000
3.899 7.7000
3.900 7.7000
3.901 7.7000
3.902 7.7000
3.903 7.7000
3.904 7.7000
3.905 7.7000
3.906 7.7000
3.907 7.7000
3.908 7.7000
3.909 7.7000
3.910 7.7000
3.911 7.7000
3.912 7.7000
3.913 7.7000
3.914 7.7000
3.915 7.7000
3.916 7.7000
3.917 7.7000
3.918 7.7000
3.919 7.7000
3.920 7.7000
3.921 7.7000
3.922 7.7000
3.923 7.7000
3.924 7.7000
3.925 7.7000
3.926 7.7000
3.927 7.7000
3.928 7.7000
3.929 7.7000
3.930 7.7000
3.931 7.7000
3.932 7.7000
3.933 7.7000
3.934 7.7000
3.935 7.7000
3.936 7.7000
3.937 7.7000
3.938 7.7000
3.939 7.7000
3.940 7.7000
3.941 7.7000
3.942 7.7000
3.943 7.7000
3.944 7.7000
3.945 7.7000
3.946 7.7000
3.947 7.7000
3.948 7.7000
3.949 7.7000
3.950 7.7000
3.951 7.7000
3.952 7.7000
3.953 7.7000
3.954 7.7000
3.955 7.7000
3.956 7.7000
3.957 7.7000
3.958 7.7000
3.959 7.7000
3.960 7.7000
3.961 7.7000
3.962 7.7000
3.963 7.7000
3.964 7.7000
3.965 7.7000
3.966 7.7000
3.967 7.7000
3.968 7.7000
3.969 7.7000
3.970 7.7000
3.971 7.7000
3.972 7.7000
3.973 7.7000
3.974 7.7000
3.975 7.7000
3.976 7.7000
3.977 7.7000
3.978 7.7000
3.979 7.7000
3.980 7.7000
3.981 7.7000
3.982 7.7000
3.983 7.7000
3.984 7.7000
3.985 7.7000
3.986 7.7000
3.987 7.7000
3.988 7.7000
3.989 7.7000
3.990 7.7000
3.991 7.7000
3.992 7.7000
3.993 7.7000
3.994 7.7000
3.995 7.7000
3.996 7.7000
3.997 7.7000
3.998 7.7000
3.999 7.7000
4.000 7.7000
4.001 7.7000
4.002 7.7000
4.003 7.7000
4.004 7.7000
4.005 7.7000
4.006 7.7000
4.007 7.7000
4.008 7.7000
4.009 7.7000
4.010 7.7000
4.011 7.7000
4.012 7.7000
4.013 7.7000
4.014 7.7000
4.015 7.7000
4.016 7.7000
4.017 7.7000
4.018 7.7000
4.019 7.7000
4.020 7.7000
4.021 7.7000
4.022 7.7000
4.023 7.7000
4.024 7.7000
4.025 7.7000
4.026 7.7000
4.027 7.7000
4.028 7.7000
4.029 7.7000
4.030 7.7000
4.031 7.7000
4.032 7.7000
4.033 7.7000
4.034 7.7000
4.035 7.7000
4.036 7.7000
4.037 7.7000
4.038 7.7000
4.039 7.7000
4.040 7.7000
4.041 7.7000
4.042 7.7000
4.043 7.7000
4.044 7.7000
4.045 7.7000
4.046 7.7000
4.047 7.7000
4.048 7.7000
4.049 7.7000
4.050 7.7000
4.051 7.7000
4.052 7.7000
4.053 7.7000
4.054 7.7000
4.055 7.7000
4.056 7.7000
4.057 7.7000
4.058 7.7000
4.059 7.7000
4.060 7.7000
4.061 7.7000
4.062 7.7000
4.063 7.7000
4.064 7.7000
4.065 7.7000
4.066 7.7000
4.067 7.7000
4.068 7.7000
4.069 7.7000
4.070 7.7000
4.071 7.7000
4.072 7.7000
4.073 7.7000
4.074 7.7000
4.075 7.7000
4.076 7.7000
4.077 7.7000
4.078 7.7000
4.079 7.7000
4.080 7.7000
4.081 7.7000
4.082 7.7000
4.083 7.7000
4.084 7.7000
4.085 7.7000
4.086 7.7000
4.087 7.7000
4.088 7.7000
4.089 7.7000
4.090 7.7000
4.091 7.7000
4.092 7.7000
4.093 7.7000
4.094 7.7000
4.095 7.7000
4.096 7.7000
4.097 7.7000
4.098 7.7000
4.099 7.7000
4.100 7.7000
4.101 7.7000
4.102 7.7000
4.103 7.7000
4.104 7.7000
4.105 7.7000
4.106 7.7000
4.107 7.7000
4.108 7.7000
4.109 7.7000
4.110 7.7000
4.111 7.7000
4.112 7.7000
4.113 7.7000
4.114 7.7000
4.115 7.7000
4.116 7.7000
4.117 7.7000
4.118 7.7000
4.119 7.7000
4.120 7.7000
4.121 7.7000
4.122 7.7000
4.123 7.7000
4.124 7.7000
4.125 7.7000
4.126 7.7000
4.127 7.7000
4.128 7.7000
4.129 7.7000
4.130 7.7000
4.131 7.7000
4.132 7.7000
4.133 7.7000
4.134 7.7000
4.135 7.7000
4.136 7.7000
4.137 7.7000
4.138 7.7000
4.139 7.7000
4.140 7.7000
4.141 7.7000
4.142 7.7000
4.143 7.7000
4.144 7.7000
4.145 7.7000
4.146 7.7000
4.147 7.7000
4.148 7.7000
4.149 7.7000
4.150 7.7000
4.151 7.7000
4.152 7.7000
4.153 7.7000
4.154 7.7000
4.155 7.7000
4.156 7.7000
4.157 7.7000
4.158 7.7000
4.159 7.7000
4.160 7.7000
4.161 7.7000
4.162 7.7000
4.163 7.7000
4.164 7.7000
4.165 7.7000
4.166 7.7000
4.167 7.7000
4.168 7.7000
4.169 7.7000
4.170 7.7000
4.171 7.7000
4.172 7.7000
4.173 7.7000
4.174 7.7000
4.175 7.7000
4.176 7.7000
4.177 7.7000
4.178 7.7000
4.179 7.7000
4.180 7.7000
4.181 7.7000
4.182 7.7000
4.183 7.7000
4.184 7.7000
4.185 7.7000
4.186 7.7000
4.187 7.7000
4.188 7.7000
4.189 7.7000
4.190 7.7000
4.191 7.7000
4.192 7.7000
4.193 7.7000
4.194 7.7000
4.195 7.7000
4.196 7.7000
4.197 7.7000
4.198 7.7000
4.199 7.7000
4.200 7.7000
4.201 7.7000
4.202 7.7000
4.203 7.7000
4.204 7.7000
4.205 7.7000
4.206 7.7000
4.207 7.7000
4.208 7.7000
4.209 7.7000
4.210 7.7000
4.211 7.7000
4.212 7.7000
4.213 7.7000
4.214 7.7000
4.215 7.7000
4.216 7.7000
4.217 7.7000
4.218 7.7000
4.219 7.7000
4.220 7.7000
4.221 7.7000
4.222 7.7000
4.223 7.7000
4.224 7.7000
4.225 7.7000
4.226 7.7000
4.227 7.7000
4.228 7.7000
4.229 7.7000
4.230 7.7000
4.231 7.7000
4.232 7.7000
4.233 7.7000
4.234 7.7000
4.235 7.7000
4.236 7.7000
4.237 7.7000
4.238 7.7000
4.239 7.7000
4.240 7.7000
4.241 7.7000
4.242 7.7000
4.243 7.7000
4.244 7.7000
4.245 7.7000
4.246 7.7000
4.247 7.7000
4.248 7.7000
4.249 7.7000
4.250 7.7000
4.251 7.7000
4.252 7.7000
4.253 7.7000
4.254 7.7000
4.255 7.7000
4.256 7.7000
4.257 7.7000
4.258 7.7000
4.259 7.7000
4.260 7.7000
4.261 7.7000
4.262 7.7000
4.263 7.7000
4.264 7.7000
4.265 7.7000
4.266 7.7000
4.267 7.7000
4.268 7.7000
4.269 7.7000
4.270 7.7000
4.271 7.7000
4.272 7.7000
4.273 7.7000
4.274 7.7000
4.275 7.7000
4.276 7.7000
4.277 7.7000
4.278 7.7000
4.279 7.7000
4.280 7.7000
4.281 7.7000
4.282 7.7000
4.283 7.7000
4.284 7.7000
4.285 7.7000
4.286 7.7000
4.287 7.7000
4.288 7.7000
4.289 7.7000
4.290 7.7000
4.291 7.7000
4.292 7.7000
4.293 7.7000
4.294 7.7000
4.295 7.7000
4.296 7.7000
4.297 7.7000
4.298 7.7000
4.299 7.7000
4.300 7.7000
4.301 7.7000
4.302 7.7000
4.303 7.7000
4.304 7.7000
4.305 7.7000
4.306 7.7000
4.307 7.7000
4.308 7.7000
4.309 7.7000
4.310 7.7000
4.311 7.7000
4.312 7.7000
4.313 7.7000
4.314 7.7000
4.315 7.7000
4.316 7.7000
4.317 7.7000
4.318 7.7000
4.319 7.7000
4.320 7.7000
4.321 7.7000
4.322 7.7000
4.323 7.7000
4.324 7.7000
4.325 7.7000
4.326 7.7000
4.327 7.7000
4.328 7.7000
4.329 7.7000
4.330 7.7000
4.331 7.7000
4.332 7.7000
4.333 7.7000
4.334 7.7000
4.335 7.7000
4.336 7.7000
4.337 7.7000
4.338 7.7000
4.339 7.7000
4.340 7.7000
4.341 7.7000
4.342 7.7000
4.343 7.7000
4.344 7.7000
4.345 7.7000
4.346 7.7000
4.347 7.7000
4.348 7.7000
4.349 7.7000
4.350 7.7000
4.351 7.7000
4.352 7.7000
4.353 7.7000
4.354 7.7000
4.355 7.7000
4.356 7.7000
4.357 7.7000
4.358 7.7000
4.359 7.7000
4.360 7.7000
4.361 7.7000
4.362 7.7000
4.363 7.7000
4.364 7.7000
4.365 7.7000
4.366 7.7000
4.367 7.7000
4.368 7.7000
4.369 7.7000
4.370 7.7000
4.371 7.7000
4.372 7.7000
4.373 7.7000
4.374 7.7000
4.375 7.7000
4.376 7.7000
4.377 7.7000
4.378 7.7000
4.379 7.7000
4.380 7.7000
4.381 7.7000
4.382 7.7000
4.383 7.7000
4.384 7.7000
4.385 7.7000
4.386 7.7000
4.387 7.7000
4.388 7.7000
4.389 7.7000
4.390 7.7000
4.391 7.7000
4.392 7.7000
4.393 7.7000
4.394 7.7000
4.395 7.7000
4.396 7.7000
4.397 7.7000
4.398 7.7000
4.399 7.7000
4.400 7.7000
4.401 7.7000
4.402 7.7000
4.403 7.7000
4.404 7.7000
4.405 7.7000
4.406 7.7000
4.407 7.7000
4.408 7.7000
4.409 7.7000
4.410 7.7000
4.411 7.7000
4.412 7.7000
4.413 7.7000
4.414 7.7000
4.415 7.7000
4.416 7.7000
4.417 7.7000
4.418 7.7000
4.419 7.7000
4.420 7.7000
4.421 7.7000
4.422 7.7000
4.423 7.7000
4.424 7.7000
4.425 7.7000
4.426 7.7000
4.427 7.7000
4.428 7.7000
4.429 7.7000
4.430 7.7000
4.431 7.7000
4.432 7.7000
4.433 7.7000
4.434 7.7000
4.435 7.7000
4.436 7.7000
4.437 7.7000
4.438 7.7000
4.439 7.7000
4.440 7.7000
4.441 7.7000
4.442 7.7000
4.443 7.7000
4.444 7.7000
4.445 7.7000
4.446 7.7000
4.447 7.7000
4.448 7.7000
4.449 7.7000
4.450 7.7000
4.451 7.7000
4.452 7.7000
4.453 7.7000
4.454 7.7000
4.455 7.7000
4.456 7.7000
4.457 7.7000
4.458 7.7000
4.459 7.7000
4.460 7.7000
4.461 7.7000
4.462 7.7000
4.463 7.7000
4.464 7.7000
4.465 7.7000
4.466 7.7000
4.467 7.7000
4.468 7.7000
4.469 7.7000
4.470 7.7000
4.471 7.7000
4.472 7.7000
4.473 7.7000
4.474 7.7000
4.475 7.7000
4.476 7.7000
4.477 7.7000
4.478 7.7000
4.479 7.7000
4.480 7.7000
4.481 7.7000
4.482 7.7000
4.483 7.7000
4.484 7.7000
4.485 7.7000
4.486 7.7000
4.487 7.7000
4.488 7.7000
4.489 7.7000
4.490 7.7000
4.491 7.7000
4.492 7.7000
4.493 7.7000
4.494 7.7000
4.495 7.7000
4.496 7.7000
4.497 7.7000
4.498 7.7000
4.499 7.7000
4.500 7.7000
4.501 7.7000
4.502 7.7000
4.503 7.7000
4.504 7.7000
4.505 7.7000
4.506 7.7000
4.507 7.7000
4.508 7.7000
4.509 7.7000
4.510 7.7000
4.511 7.7000
4.512 7.7000
4.513 7.7000
4.514 7.7000
4.515 7.7000
4.516 7.7000
4.517 7.7000
4.518 7.7000
4.519 7.7000
4.520 7.7000
4.521 7.7000
4.522 7.7000
4.523 7.7000
4.524 7.7000
4.525 7.7000
4.526 7.7000
4.527 7.7000
4.528 7.7000
4.529 7.7000
4.530 7.7000
4.531 7.7000
4.532 7.7000
4.533 7.7000
4.534 7.7000
4.535 7.7000
4.536 7.7000
4.537 7.7000
4.538 7.7000
4.539 7.7000
4.540 7.7000
4.541 7.7000
4.542 7.7000
4.543 7.7000
4.544 7.7000
4.545 7.7000
4.546 7.7000
4.547 7.7000
4.548 7.7000
4.549 7.7000
4.550 7.7000
4.551 7.7000
4.552 7.7000
4.553 7.7000
4.554 7.7000
4.555 7.7000
4.556 7.7000
4.557 7.7000
4.558 7.7000
4.559 7.7000
4.560 7.7000
4.561 7.7000
4.562 7.7000
4.563 7.7000
4.564 7.7000
4.565 7.7000
4.566 7.7000
4.567 7.7000
4.568 7.7000
4.569 7.7000
4.570 7.7000
4.571 7.7000
4.572 7.7000
4.573 7.7000
4.574 7.7000
4.575 7.7000
4.576 7.7000
4.577 7.7000
4.578 7.7000
4.579 7.7000
4.580 7.7000
4.581 7.7000
4.582 7.7000
4.583 7.7000
4.584 7.7000
4.585 7.7000
4.586 7.7000
4.587 7.7000
4.588 7.7000
4.589 7.7000
4.590 7.7000
4.591 7.7000
4.592 7.7000
4.593 7.7000
4.594 7.7000
4.595 7.7000
4.596 7.7000
4.597 7.7000
4.598 7.7000
4.599 7.7000
4.600 7.7000
4.601 7.7000
4.602 7.7000
4.603 7.7000
4.604 7.7000
4.605 7.7000
4.606 7.7000
4.607 7.7000
4.608 7.7000
4.609 7.7000
4.610 7.7000
4.611 7.7000
4.612 7.7000
4.613 7.7000
4.614 7.7000
4.615 7.7000
4.616 7.7000
4.617 7.7000
4.618 7.7000
4.619 7.7000
4.620 7.7000
4.621 7.7000
4.622 7.7000
4.623 7.7000
4.624 7.7000
4.625 7.7000
4.626 7.7000
4.627 7.7000
4.628 7.7000
4.629 7.7000
4.630 7.7000
4.631 7.7000
4.632 7.7000
4.633 7.7000
4.634 7.7000
4.635 7.7000
4.636 7.7000
4.637 7.7000
4.638 7.7000
4.639 7.7000
4.640 7.7000
4.641 7.7000
4.642 7.7000
4.643 7.7000
4.644 7.7000
4.645 7.7000
4.646 7.7000
4.647 7.7000
4.648 7.7000
4.649 7.7000
4.650 7.7000
4.651 7.7000
4.652 7.7000
4.653 7.7000
4.654 7.7000
4.655 7.7000
4.656 7.7000
4.657 7.7000
4.658 7.7000
4.659 7.7000
4.660 7.7000
4.661 7.7000
4.662 7.7000
4.663 7.7000
4.664 7.7000
4.665 7.7000
4.666 7.7000
4.667 7.7000
4.668 7.7000
4.669 7.7000
4.670 7.7000
4.671 7.7000
4.672 7.7000
4.673 7.7000
4.674 7.7000
4.675 7.7000
4.676 7.7000
4.677 7.7000
4.678 7.7000
4.679 7.7000
4.680 7.7000
4.681 7.7000
4.682 7.7000
4.683 7.7000
4.684 7.7000
4.685 7.7000
4.686 7.7000
4.687 7.7000
4.688 7.7000
4.689 7.7000
4.690 7.7000
4.691 7.7000
4.692 7.7000
4.693 7.7000
4.694 7.7000
4.695 7.7000
4.696 7.7000
4.697 7.7000
4.698 7.7000
4.699 7.7000
4.700 7.7000
4.701 7.7000
4.702 7.7000
4.703 7.7000
4.704 7.7000
4.705 7.7000
4.706 7.7000
4.707 7.7000
4.708 7.7000
4.709 7.7000
4.710 7.7000
4.711 7.7000
4.712 7.7000
4.713 7.7000
4.714 7.7000
4.715 7.7000
4.716 7.7000
4.717 7.7000
4.718 7.7000
4.719 7.7000
4.720 7.7000
4.721 7.7000
4.722 7.7000
4.723 7.7000
4.724 7.7000
4.725 7.7000
4.726 7.7000
4.727 7.7000
4.728 7.7000
4.729 7.7000
4.730 7.7000
4.731 7.7000
4.732 7.7000
4.733 7.7000
4.734 7.7000
4.735 7.7000
4.736 7.7000
4.737 7.7000
4.738 7.7000
4.739 7.7000
4.740 7.7000
4.741 7.7000
4.742 7.7000
4.743 7.7000
4.744 7.7000
4.745 7.7000
4.746 7.7000
4.747 7.7000
4.748 7.7000
4.749 7.7000
4.750 7.7000
4.751 7.7000
4.752 7.7000
4.753 7.7000
4.754 7.7000
4.755 7.7000
4.756 7.7000
4.757 7.7000
4.758 7.7000
4.759 7.7000
4.760 7.7000
4.761 7.7000
4.762 7.7000
4.763 7.7000
4.764 7.7000
4.765 7.7000
4.766 7.7000
4.767 7.7000
4.768 7.7000
4.769 7.7000
4.770 7.7000
4.771 7.7000
4.772 7.7000
4.773 7.7000
4.774 7.7000
4.775 7.7000
4.776 7.7000
4.777 7.7000
4.778 7.7000
4.779 7.7000
4.780 7.7000
4.781 7.7000
4.782 7.7000
4.783 7.7000
4.784 7.7000
4.785 7.7000
4.786 7.7000
4.787 7.7000
4.788 7.7000
4.789 7.7000
4.790 7.7000
4.791 7.7000
4.792 7.7000
4.793 7.7000
4.794 7.7000
4.795 7.7000
4.796 7.7000
4.797 7.7000
4.798 7.7000
4.799 7.7000
4.800 7.7000
4.801 7.7000
4.802 7.7000
4.803 7.7000
4.804 7.7000
4.805 7.7000
4.806 7.7000
4.807 7.7000
4.808 7.7000
4.809 7.7000
4.810 7.7000
4.811 7.7000
4.812 7.7000
4.813 7.7000
4.814 7.7000
4.815 7.7000
4.816 7.7000
4.817 7.7000
4.818 7.7000
4.819 7.7000
4.820 7.7000
4.821 7.7000
4.822 7.7000
4.823 7.7000
4.824 7.7000
4.825 7.7000
4.826 7.7000
4.827 7.7000
4.828 7.7000
4.829 7.7000
4.830 7.7000
4.831 7.7000
4.832 7.7000
4.833 7.7000
4.834 7.7000
4.835 7.7000
4.836 7.7000
4.837 7.7000
4.838 7.7000
4.839 7.7000
4.840 7.7000
4.841 7.7000
4.842 7.7000
4.843 7.7000
4.844 7.7000
4.845 7.7000
4.846 7.7000
4.847 7.7000
4.848 7.7000
4.849 7.7000
4.850 7.7000
4.851 7.7000
4.852 7.7000
4.853 7.7000
4.854 7.7000
4.855 7.7000
4.856 7.7000
4.857 7.7000
4.858 7.7000
4.859 7.7000
4.860 7.7000
4.861 7.7000
4.862 7.7000
4.863 7.7000
4.864 7.7000
4.865 7.7000
4.866 7.7000
4.867 7.7000
4.868 7.7000
4.869 7.7000
4.870 7.7000
4.871 7.7000
4.872 7.7000
4.873 7.7000
4.874 7.7000
4.875 7.7000
4.876 7.7000
4.877 7.7000
4.878 7.7000
4.879 7.7000
4.880 7.7000
4.881 7.7000
4.882 7.7000
4.883 7.7000
4.884 7.7000
4.885 7.7000
4.886 7.7000
4.887 7.7000
4.888 7.7000
4.889 7.7000
4.890 7.7000
4.891 7.7000
4.892 7.7000
4.893 7.7000
4.894 7.7000
4.895 7.7000
4.896 7.7000
4.897 7.7000
4.898 7.7000
4.899 7.7000
4.900 7.7000
4.901 7.7000
4.902 7.7000
4.903 7.7000
4.904 7.7000
4.905 7.7000
4.906 7.7000
4.907 7.7000
4.908 7.7000
4.909 7.7000
4.910 7.7000
4.911 7.7000
4.912 7.7000
4.913 7.7000
4.914 7.7000
4.915 7.7000
4.916 7.7000
4.917 7.7000
4.918 7.7000
4.919 7.7000
4.920 7.7000
4.921 7.7000
4.922 7.7000
4.923 7.7000
4.924 7.7000
4.925 7.7000
4.926 7.7000
4.927 7.7000
4.928 7.7000
4.929 7.7000
4.930 7.7000
4.931 7.7000
4.932 7.7000
4.933 7.7000
4.934 7.7000
4.935 7.7000
4.936 7.7000
4.937 7.7000
4.938 7.7000
4.939 7.7000
4.940 7.7000
4.941 7.7000
4.942 7.7000
4.943 7.7000
4.944 7.7000
4.945 7.7000
4.946 7.7000
4.947 7.7000
4.948 7.7000
4.949 7.7000
4.950 7.7000
4.951 7.7000
4.952 7.7000
4.953 7.7000
4.954 7.7000
4.955 7.7000
4.956 7.7000
4.957 7.7000
4.958 7.7000
4.959 7.7000
4.960 7.7000
4.961 7.7000
4.962 7.7000
4.963 7.7000
4.964 7.7000
4.965 7.7000
4.966 7.7000
4.967 7.7000
4.968 7.7000
4.969 7.7000
4.970 7.7000
4.971 7.7000
4.972 7.7000
4.973 7.7000
4.974 7.7000
4.975 7.7000
4.976 7.7000
4.977 7.7000
4.978 7.7000
4.979 7.7000
4.980 7.7000
4.981 7.7000
4.982 7.7000
4.983 7.7000
4.984 7.7000
4.985 7.7000
4.986 7.7000
4.987 7.7000
4.988 7.7000
4.989 7.7000
4.990 7.7000
4.991 7.7000
4.992 7.7000
4.993 7.7000
4.994 7.7000
4.995 7.7000
4.996 7.7000
4.997 7.7000
4.998 7.7000
4.999 7.7000
5.000 7.7000
5.001 7.7000
5.002 7.7000
5.003 7.7000
5.004 7.7000
5.005 7.7000
5.006 7.7000
5.007 7.7000
5.008 7.7000
5.009 7.7000
5.010 7.7000
5.011 7.7000
5.012 7.7000
5.013 7.7000
5.014 7.7000
5.015 7.7000
5.016 7.7000
5.017 7.7000
5.018 7.7000
5.019 7.7000
5.020 7.7000
5.021 7.7000
5.022 7.7000
5.023 7.7000
5.024 7.7000
5.025 7.7000
5.026 7.7000
5.027 7.7000
5.028 7.7000
5.029 7.7000
5.030 7.7000
5.031 7.7000
5.032 7.7000
5.033 7.7000
5.034 7.7000
5.035 7.7000
5.036 7.7000
5.037 7.7000
5.038 7.7000
5.039 7.7000
5.040 7.7000
5.041 7.7000
5.042 7.7000
5.043 7.7000
5.044 7.7000
5.045 7.7000
5.046 7.7000
5.047 7.7000
5.048 7.7000
5.049 7.7000
5.050 7.7000
5.051 7.7000
5.052 7.7000
5.053 7.7000
5.054 7.7000
5.055 7.7000
5.056 7.7000
5.057 7.7000
5.058 7.7000
5.059 7.7000
5.060 7.7000
5.061 7.7000
5.062 7.7000
5.063 7.7000
5.064 7.7000
5.065 7.7000
5.066 7.7000
5.067 7.7000
5.068 7.7000
5.069 7.7000
5.070 7.7000
5.071 7.7000
5.072 7.7000
5.073 7.7000
5.074 7.7000
5.075 7.7000
5.076 7.7000
5.077 7.7000
5.078 7.7000
5.079 7.7000
5.080 7.7000
5.081 7.7000
5.082 7.7000
5.083 7.7000
5.084 7.7000
5.085 7.7000
5.086 7.7000
5.087 7.7000
5.088 7.7000
5.089 7.7000
5.090 7.7000
5.091 7.7000
5.092 7.7000
5.093 7.7000
5.094 7.7000
5.095 7.7000
5.096 7.7000
5.097 7.7000
5.098 7.7000
5.099 7.7000
5.100 7.7000
5.101 7.7000
5.102 7.7000
5.103 7.7000
5.104 7.7000
5.105 7.7000
5.106 7.7000
5.107 7.7000
5.108 7.7000
5.109 7.7000
5.110 7.7000
5.111 7.7000
5.112 7.7000
5.113 7.7000
5.114 7.7000
5.115 7.7000
5.116 7.7000
5.117 7.7000
5.118 7.7000
5.119 7.7000
5.120 7.7000
5.121 7.7000
5.122 7.7000
5.123 7.7000
5.124 7.7000
5.125 7.7000
5.126 7.7000
5.127 7.7000
5.128 7.7000
5.129 7.7000
5.130 7.7000
5.131 7.7000
5.132 7.7000
5.133 7.7000
5.134 7.7000
5.135 7.7000
5.136 7.7000
5.137 7.7000
5.138 7.7000
5.139 7.7000
5.140 7.7000
5.141 7.7000
5.142 7.7000
5.143 7.7000
5.144 7.7000
5.145 7.7000
5.146 7.7000
5.147 7.7000
5.148 7.7000
5.149 7.7000
5.150 7.7000
5.151 7.7000
5.152 7.7000
5.153 7.7000
5.154 7.7000
5.155 7.7000
5.156 7.7000
5.157 7.7000
5.158 7.7000
5.159 7.7000
5.160 7.7000
5.161 7.7000
5.162 7.7000
5.163 7.7000
5.164 7.7000
5.165 7.7000
5.166 7.7000
5.167 7.7000
5.168 7.7000
5.169 7.7000
5.170 7.7000
5.171 7.7000
5.172 7.7000
5.173 7.7000
5.174 7.7000
5.175 7.7000
5.176 7.7000
5.177 7.7000
5.178 7.7000
5.179 7.7000
5.180 7.7000
5.181 7.7000
5.182 7.7000
5.183 7.7000
5.184 7.7000
5.185 7.7000
5.186 7.7000
5.187 7.7000
5.188 7.7000
5.189 7.7000
5.190 7.7000
5.191 7.7000
5.192 7.7000
5.193 7.7000
5.194 7.7000
5.195 7.7000
5.196 7.7000
5.197 7.7000
5.198 7.7000
5.199 7.7000
5.200 7.7000
5.201 7.7000
5.202 7.7000
5.203 7.7000
5.204 7.7000
5.205 7.7000
5.206 7.7000
5.207 7.7000
5.208 7.7000
5.209 7.7000
5.210 7.7000
5.211 7.7000
5.212 7.7000
5.213 7.7000
5.214 7.7000
5.215 7.7000
5.216 7.7000
5.217 7.7000
5.218 7.7000
5.219 7.7000
5.220 7.7000
5.221 7.7000
5.222 7.7000
5.223 7.7000
5.224 7.7000
5.225 7.7000
5.226 7.7000
5.227 7.7000
5.228 7.7000
5.229 7.7000
5.230 7.7000
5.231 7.7000
5.232 7.7000
5.233 7.7000
5.234 7.7000
5.235 7.7000
5.236 7.7000
5.237 7.7000
5.238 7.7000
5.239 7.7000
5.240 7.7000
5.241 7.7000
5.242 7.7000
5.243 7.7000
5.244 7.7000
5.245 7.7000
5.246 7.7000
5.247 7.7000
5.248 7.7000
5.249 7.7000
5.250 7.7000
5.251 7.7000
5.252 7.7000
5.253 7.7000
5.254 7.7000
5.255 7.7000
5.256 7.7000
5.257 7.7000
5.258 7.7000
5.259 7.7000
5.260 7.7000
5.261 7.7000
5.262 7.7000
5.263 7.7000
5.264 7.7000
5.265 7.7000
5.266 7.7000
5.267 7.7000
5.268 7.7000
5.269 7.7000
5.270 7.7000
5.271 7.7000
5.272 7.7000
5.273 7.7000
5.274 7.7000
5.275 7.7000
5.276 7.7000
5.277 7.7000
5.278 7.7000
5.279 7.7000
5.280 7.7000
5.281 7.7000
5.282 7.7000
5.283 7.7000
5.284 7.7000
5.285 7.7000
5.286 7.7000
5.287 7.7000
5.288 7.7000
5.289 7.7000
5.290 7.7000
5.291 7.7000
5.292 7.7000
5.293 7.7000
5.294 7.7000
5.295 7.7000
5.296 7.7000
5.297 7.7000
5.298 7.7000
5.299 7.7000
5.300 7.7000
5.301 7.7000
5.302 7.7000
5.303 7.7000
5.304 7.7000
5.305 7.7000
5.306 7.7000
5.307 7.7000
5.308 7.7000
5.309 7.7000
5.310 7.7000
5.311 7.7000
5.312 7.7000
5.313 7.7000
5.314 7.7000
5.315 7.7000
5.316 7.7000
5.317 7.7000
5.318 7.7000
5.319 7.7000
5.320 7.7000
5.321 7.7000
5.322 7.7000
5.323 7.7000
5.324 7.7000
5.325 7.7000
5.326 7.7000
5.327 7.7000
5.328 7.7000
5.329 7.7000
5.330 7.7000
5.331 7.7000
5.332 7.7000
5.333 7.7000
5.334 7.7000
5.335 7.7000
5.336 7.7000
5.337 7.7000
5.338 7.7000
5.339 7.7000
5.340 7.7000
5.341 7.7000
5.342 7.7000
5.343 7.7000
5.344 7.7000
5.345 7.7000
5.346 7.7000
5.347 7.7000
5.348 7.7000
5.349 7.7000
5.350 7.7000
5.351 7.7000
5.352 7.7000
5.353 7.7000
5.354 7.7000
5.355 7.7000
5.356 7.7000
5.357 7.7000
5.358 7.7000
5.359 7.7000
5.360 7.7000
5.361 7.7000
5.362 7.7000
5.363 7.7000
5.364 7.7000
5.365 7.7000
5.366 7.7000
5.367 7.7000
5.368 7.7000
5.369 7.7000
5.370 7.7000
5.371 7.7000
5.372 7.7000
5.373 7.7000
5.374 7.7000
5.375 7.7000
5.376 7.7000
5.377 7.7000
5.378 7.7000
5.379 7.7000
5.380 7.7000
5.381 7.7000
5.382 7.7000
5.383 7.7000
5.384 7.7000
5.385 7.7000
5.386 7.7000
5.387 7.7000
5.388 7.7000
5.389 7.7000
5.390 7.7000
5.391 7.7000
5.392 7.7000
5.393 7.7000
5.394 7.7000
5.395 7.7000
5.396 7.7000
5.397 7.7000
5.398 7.7000
5.399 7.7000
5.400 7.7000
5.401 7.7000
5.402 7.7000
5.403 7.7000
5.404 7.7000
5.405 7.7000
5.406 7.7000
5.407 7.7000
5.408 7.7000
5.409 7.7000
5.410 7.7000
5.411 7.7000
5.412 7.7000
5.413 7.7000
5.414 7.7000
5.415 7.7000
5.416 7.7000
5.417 7.7000
5.418 7.7000
5.419 7.7000
5.420 7.7000
5.421 7.7000
5.422 7.7000
5.423 7.7000
5.424 7.7000
5.425 7.7000
5.426 7.7000
5.427 7.7000
5.428 7.7000
5.429 7.7000
5.430 7.7000
5.431 7.7000
5.432 7.7000
5.433 7.7000
5.434 7.7000
5.435 7.7000
5.436 7.7000
5.437 7.7000
5.438 7.7000
5.439 7.7000
5.440 7.7000
5.441 7.7000
5.442 7.7000
5.443 7.7000
5.444 7.7000
5.445 7.7000
5.446 7.7000
5.447 7.7000
5.448 7.7000
5.449 7.7000
5.450 7.7000
5.451 7.7000
5.452 7.7000
5.453 7.7000
5.454 7.7000
5.455 7.7000
5.456 7.7000
5.457 7.7000
5.458 7.7000
5.459 7.7000
5.460 7.7000
5.461 7.7000
5.462 7.7000
5.463 7.7000
5.464 7.7000
5.465 7.7000
5.466 7.7000
5.467 7.7000
5.468 7.7000
5.469 7.7000
5.470 7.7000
5.471 7.7000
5.472 7.7000
5.473 7.7000
5.474 7.7000
5.475 7.7000
5.476 7.7000
5.477 7.7000
5.478 7.7000
5.479 7.7000
5.480 7.7000
5.481 7.7000
5.482 7.7000
5.483 7.7000
5.484 7.7000
5.485 7.7000
5.486 7.7000
5.487 7.7000
5.488 7.7000
5.489 7.7000
5.490 7.7000
5.491 7.7000
5.492 7.7000
5.493 7.7000
5.494 7.7000
5.495 7.7000
5.496 7.7000
5.497 7.7000
5.498 7.7000
5.499 7.7000
5.500 7.7000
5.501 7.7000
5.502 7.7000
5.503 7.7000
5.504 7.7000
5.505 7.7000
5.506 7.7000
5.507 7.7000
5.508 7.7000
5.509 7.7000
5.510 7.7000
5.511 7.7000
5.512 7.7000
5.513 7.7000
5.514 7.7000
5.515 7.7000
5.516 7.7000
5.517 7.7000
5.518 7.7000
5.519 7.7000
5.520 7.7000
5.521 7.7000
5.522 7.7000
5.523 7.7000
5.524 7.7000
5.525 7.7000
5.526 7.7000
5.527 7.7000
5.528 7.7000
5.529 7.7000
5.530 7.7000
5.531 7.7000
5.532 7.7000
5.533 7.7000
5.534 7.7000
5.535 7.7000
5.536 7.7000
5.537 7.7000
5.538 7.7000
5.539 7.7000
5.540 7.7000
5.541 7.7000
5.542 7.7000
5.543 7.7000
5.544 7.7000
5.545 7.7000
5.546 7.7000
5.547 7.7000
5.548 7.7000
5.549 7.7000
5.550 7.7000
5.551 7.7000
5.552 7.7000
5.553 7.7000
5.554 7.7000
5.555 7.7000
5.556 7.7000
5.557 7.7000
5.558 7.7000
5.559 7.7000
5.560 7.7000
5.561 7.7000
5.562 7.7000
5.563 7.7000
5.564 7.7000
5.565 7.7000
5.566 7.7000
5.567 7.7000
5.568 7.7000
5.569 7.7000
5.570 7.7000
5.571 7.7000
5.572 7.7000
5.573 7.7000
5.574 7.7000
5.575 7.7000
5.576 7.7000
5.577 7.7000
5.578 7.7000
5.579 7.7000
5.580 7.7000
5.581 7.7000
5.582 7.7000
5.583 7.7000
5.584 7.7000
5.585 7.7000
5.586 7.7000
5.587 7.7000
5.588 7.7000
5.589 7.7000
5.590 7.7000
5.591 7.7000
5.592 7.7000
5.593 7.7000
5.594 7.7000
5.595 7.7000
5.596 7.7000
5.597 7.7000
5.598 7.7000
5.599 7.7000
5.600 7.7000
5.601 7.7000
5.602 7.7000
5.603 7.7000
5.604 7.7000
5.605 7.7000
5.606 7.7000
5.607 7.7000
5.608 7.7000
5.609 7.7000
5.610 7.7000
5.611 7.7000
5.612 7.7000
5.613 7.7000
5.614 7.7000
5.615 7.7000
5.616 7.7000
5.617 7.7000
5.618 7.7000
5.619 7.7000
5.620 7.7000
5.621 7.7000
5.622 7.7000
5.623 7.7000
5.624 7.7000
5.625 7.7000
5.626 7.7000
5.627 7.7000
5.628 7.7000
5.629 7.7000
5.630 7.7000
5.631 7.7000
5.632 7.7000
5.633 7.7000
5.634 7.7000
5.635 7.7000
5.636 7.7000
5.637 7.7000
5.638 7.7000
5.639 7.7000
5.640 7.7000
5.641 7.7000
5.642 7.7000
5.643 7.7000
5.644 7.7000
5.645 7.7000
5.646 7.7000
5.647 7.7000
5.648 7.7000
5.649 7.7000
5.650 7.7000
5.651 7.7000
5.652 7.7000
5.653 7.7000
5.654 7.7000
5.655 7.7000
5.656 7.7000
5.657 7.7000
5.658 7.7000
5.659 7.7000
5.660 7.7000
5.661 7.7000
5.662 7.7000
5.663 7.7000
5.664 7.7000
5.665 7.7000
5.666 7.7000
5.667 7.7000
5.668 7.7000
5.669 7.7000
5.670 7.7000
5.671 7.7000
5.672 7.7000
5.673 7.7000
5.674 7.7000
5.675 7.7000
5.676 7.7000
5.677 7.7000
5.678 7.7000
5.679 7.7000
5.680 7.7000
5.681 7.7000
5.682 7.7000
5.683 7.7000
5.684 7.7000
5.685 7.7000
5.686 7.7000
5.687 7.7000
5.688 7.7000
5.689 7.7000
5.690 7.7000
5.691 7.7000
5.692 7.7000
5.693 7.7000
5.694 7.7000
5.695 7.7000
5.696 7.7000
5.697 7.7000
5.698 7.7000
5.699 7.7000
5.700 7.7000
5.701 7.7000
5.702 7.7000
5.703 7.7000
5.704 7.7000
5.705 7.7000
5.706 7.7000
5.707 7.7000
5.708 7.7000
5.709 7.7000
5.710 7.7000
5.711 7.7000
5.712 7.7000
5.713 7.7000
5.714 7.7000
5.715 7.7000
5.716 7.7000
5.717 7.7000
5.718 7.7000
5.719 7.7000
5.720 7.7000
5.721 7.7000
5.722 7.7000
5.723 7.7000
5.724 7.7000
5.725 7.7000
5.726 7.7000
5.727 7.7000
5.728 7.7000
5.729 7.7000
5.730 7.7000
5.731 7.7000
5.732 7.7000
5.733 7.7000
5.734 7.7000
5.735 7.7000
5.736 7.7000
5.737 7.7000
5.738 7.7000
5.739 7.7000
5.740 7.7000
5.741 7.7000
5.742 7.7000
5.743 7.7000
5.744 7.7000
5.745 7.7000
5.746 7.7000
5.747 7.7000
5.748 7.7000
5.749 7.7000
5.750 7.7000
5.751 7.7000
5.752 7.7000
5.753 7.7000
5.754 7.7000
5.755 7.7000
5.756 7.7000
5.757 7.7000
5.758 7.7000
5.759 7.7000
5.760 7.7000
5.761 7.7000
5.762 7.7000
5.763 7.7000
5.764 7.7000
5.765 7.7000
5.766 7.7000
5.767 7.7000
5.768 7.7000
5.769 7.7000
5.770 7.7000
5.771 7.7000
5.772 7.7000
5.773 7.7000
5.774 7.7000
5.775 7.7000
5.776 7.7000
5.777 7.7000
5.778 7.7000
5.779 7.7000
5.780 7.7000
5.781 7.7000
5.782 7.7000
5.783 7.7000
5.784 7.7000
5.785 7.7000
5.786 7.7000
5.787 7.7000
5.788 7.7000
5.789 7.7000
5.790 7.7000
5.791 7.7000
5.792 7.7000
5.793 7.7000
5.794 7.7000
5.795 7.7000
5.796 7.7000
5.797 7.7000
5.798 7.7000
5.799 7.7000
5.800 7.7000
5.801 7.7000
5.802 7.7000
5.803 7.7000
5.804 7.7000
5.805 7.7000
5.806 7.7000
5.807 7.7000
5.808 7.7000
5.809 7.7000
5.810 7.7000
5.811 7.7000
5.812 7.7000
5.813 7.7000
5.814 7.7000
5.815 7.7000
5.816 7.7000
5.817 7.7000
5.818 7.7000
5.819 7.7000
5.820 7.7000
5.821 7.7000
5.822 7.7000
5.823 7.7000
5.824 7.7000
5.825 7.7000
5.826 7.7000
5.827 7.7000
5.828 7.7000
5.829 7.7000
5.830 7.7000
5.831 7.7000
5.832 7.7000
5.833 7.7000
5.834 7.7000
5.835 7.7000
5.836 7.7000
5.837 7.7000
5.838 7.7000
5.839 7.7000
5.840 7.7000
5.841 7.7000
5.842 7.7000
5.843 7.7000
5.844 7.7000
5.845 7.7000
5.846 7.7000
5.847 7.7000
5.848 7.7000
5.849 7.7000
5.850 7.7000
5.851 7.7000
5.852 7.7000
5.853 7.7000
5.854 7.7000
5.855 7.7000
5.856 7.7000
5.857 7.7000
5.858 7.7000
5.859 7.7000
5.860 7.7000
5.861 7.7000
5.862 7.7000
5.863 7.7000
5.864 7.7000
5.865 7.7000
5.866 7.7000
5.867 7.7000
5.868 7.7000
5.869 7.7000
5.870 7.7000
5.871 7.7000
5.872 7.7000
5.873 7.7000
5.874 7.7000
5.875 7.7000
5.876 7.7000
5.877 7.7000
5.878 7.7000
5.879 7.7000
5.880 7.7000
5.881 7.7000
5.882 7.7000
5.883 7.7000
5.884 7.7000
5.885 7.7000
5.886 7.7000
5.887 7.7000
5.888 7.7000
5.889 7.7000
5.890 7.7000
5.891 7.7000
5.892 7.7000
5.893 7.7000
5.894 7.7000
5.895 7.7000
5.896 7.7000
5.897 7.7000
5.898 7.7000
5.899 7.7000
5.900 7.7000
5.901 7.7000
5.902 7.7000
5.903 7.7000
5.904 7.7000
5.905 7.7000
5.906 7.7000
5.907 7.7000
5.908 7.7000
5.909 7.7000
5.910 7.7000
5.911 7.7000
5.912 7.7000
5.913 7.7000
5.914 7.7000
5.915 7.7000
5.916 7.7000
5.917 7.7000
5.918 7.7000
5.919 7.7000
5.920 7.7000
5.921 7.7000
5.922 7.7000
5.923 7.7000
5.924 7.7000
5.925 7.7000
5.926 7.7000
5.927 7.7000
5.928 7.7000
5.929 7.7000
5.930 7.7000
5.931 7.7000
5.932 7.7000
5.933 7.7000
5.934 7.7000
5.935 7.7000
5.936 7.7000
5.937 7.7000
5.938 7.7000
5.939 7.7000
5.940 7.7000
5.941 7.7000
5.942 7.7000
5.943 7.7000
5.944 7.7000
5.945 7.7000
5.946 7.7000
5.947 7.7000
5.948 7.7000
5.949 7.7000
5.950 7.7000
5.951 7.7000
5.952 7.7000
5.953 7.7000
5.954 7.7000
5.955 7.7000
5.956 7.7000
5.957 7.7000
5.958 7.7000
5.959 7.7000
5.960 7.7000
5.961 7.7000
5.962 7.7000
5.963 7.7000
5.964 7.7000
5.965 7.7000
5.966 7.7000
5.967 7.7000
5.968 7.7000
5.969 7.7000
5.970 7.7000
5.971 7.7000
5.972 7.7000
5.973 7.7000
5.974 7.7000
5.975 7.7000
5.976 7.7000
5.977 7.7000
5.978 7.7000
5.979 7.7000
5.980 7.7000
5.981 7.7000
5.982 7.7000
5.983 7.7000
5.984 7.7000
5.985 7.7000
5.986 7.7000
5.987 7.7000
5.988 7.7000
5.989 7.7000
5.990 7.7000
5.991 7.7000
5.992 7.7000
5.993 7.7000
5.994 7.7000
5.995 7.7000
5.996 7.7000
5.997 7.7000
5.998 7.7000
5.999 7.7000
6.000 7.7000
6.001 7.7000
6.002 7.7000
6.003 7.7000
6.004 7.7000
6.005 7.7000
6.006 7.7000
6.007 7.7000
6.008 7.7000
6.009 7.7000
6.010 7.7000
6.011 7.7000
6.012 7.7000
6.013 7.7000
6.014 7.7000
6.015 7.7000
6.016 7.7000
6.017 7.7000
6.018 7.7000
6.019 7.7000
6.020 7.7000
6.021 7.7000
6.022 7.7000
6.023 7.7000
6.024 7.7000
6.025 7.7000
6.026 7.7000
6.027 7.7000
6.028 7.7000
6.029 7.7000
6.030 7.7000
6.031 7.7000
6.032 7.7000
6.033 7.7000
6.034 7.7000
6.035 7.7000
6.036 7.7000
6.037 7.7000
6.038 7.7000
6.039 7.7000
6.040 7.7000
6.041 7.7000
6.042 7.7000
6.043 7.7000
6.044 7.7000
6.045 7.7000
6.046 7.7000
6.047 7.7000
6.048 7.7000
6.049 7.7000
6.050 7.7000
6.051 7.7000
6.052 7.7000
6.053 7.7000
6.054 7.7000
6.055 7.7000
6.056 7.7000
6.057 7.7000
6.058 7.7000
6.059 7.7000
6.060 7.7000
6.061 7.7000
6.062 7.7000
6.063 7.7000
6.064 7.7000
6.065 7.7000
6.066 7.7000
6.067 7.7000
6.068 7.7000
6.069 7.7000
6.070 7.7000
6.071 7.7000
6.072 7.7000
6.073 7.7000
6.074 7.7000
6.075 7.7000
6.076 7.7000
6.077 7.7000
6.078 7.7000
6.079 7.7000
6.080 7.7000
6.081 7.7000
6.082 7.7000
6.083 7.7000
6.084 7.7000
6.085 7.7000
6.086 7.7000
6.087 7.7000
6.088 7.7000
6.089 7.7000
6.090 7.7000
6.091 7.7000
6.092 7.7000
6.093 7.7000
6.094 7.7000
6.095 7.7000
6.096 7.7000
6.097 7.7000
6.098 7.7000
6.099 7.7000
6.100 7.7000
6.101 7.7000
6.102 7.7000
6.103 7.7000
6.104 7.7000
6.105 7.7000
6.106 7.7000
6.107 7.7000
6.108 7.7000
6.109 7.7000
6.110 7.7000
6.111 7.7000
6.112 7.7000
6.113 7.7000
6.114 7.7000
6.115 7.7000
6.116 7.7000
6.117 7.7000
6.118 7.7000
6.119 7.7000
6.120 7.7000
6.121 7.7000
6.122 7.7000
6.123 7.7000
6.124 7.7000
6.125 7.7000
6.126 7.7000
6.127 7.7000
6.128 7.7000
6.129 7.7000
6.130 7.7000
6.131 7.7000
6.132 7.7000
6.133 7.7000
6.134 7.7000
6.135 7.7000
6.136 7.7000
6.137 7.7000
6.138 7.7000
6.139 7.7000
